100
950644418
7020068
1934683544
64998304
348577978
1791780781
930776422
269662396
1901519594
1884140230
1814435962
621130433
1102108973
1832060816
171164841
1805359622
875898016
2122136698
2091418110
1766496538
652005401
1929988121
1684793582
1420199847
712329900
1075192357
928504186
1997922553
825734936
241615774
844954458
1776379354
248635842
632154355
1841377658
597213820
276451488
624670432
866876216
30487435
361327015
533828531
651617868
1463435988
218405699
822782710
1121311962
1094303715
797435760
1065246425
713316606
1449441161
847750898
250626540
722157360
1560080798
1325818897
1650661546
1410519703
4070185
1892277320
107990514
1780449539
2140913162
740144869
1474343549
590643334
1016596357
2099013982
1457519551
1047083792
312857349
1991348082
1698701661
1776293337
62270133
374000723
750121651
1156573849
1171436483
1815368076
1869890455
473393997
515635326
2120516995
1195551357
2075716125
1298852245
698729256
1338752180
1302922430
443522928
1446742694
935888322
436952443
39403915
262748223
1027595777
1056000273
214278557