100
8117
12444
40968
80956
53873
29548
34798
78057
77387
75660
92518
49107
17750
36683
48136
68401
89624
63733
69157
33639
17896
19790
16073
21363
67515
84617
4667
83529
58061
1325
66254
66178
30121
23574
47134
83994
53122
98285
78403
46861
73945
70922
95968
8047
23957
60456
76448
29933
24190
61957
79924
42086
81747
95997
79802
65614
96967
84469
49144
55028
2146
31750
37559
32267
55324
1045
32613
24798
99330
11017
71660
89627
98291
67628
14026
22248
28085
6827
68533
52275
68784
48457
10713
66884
44454
90515
32498
57773
91337
97994
29154
93483
29744
66713
25751
85068
84110
58364
9867
83441