10000
27266 
66253 
34154 
39485 
83190 
3364 
56730 
51947 
19741 
39193 
40333 
78035 
52470 
45589 
21640 
58117 
58933 
67056 
17520 
29770 
84742 
70259 
66268 
82885 
54829 
17605 
40269 
65257 
43339 
17589 
56444 
70605 
195 
90598 
26442 
83385 
10315 
99524 
35332 
30056 
55070 
92017 
24443 
7540 
37606 
46084 
65657 
12891 
13140 
99529 
42661 
14234 
69788 
8930 
13471 
40969 
42887 
53740 
22578 
86226 
87682 
79023 
73183 
87877 
85973 
99626 
71262 
96288 
15502 
22946 
26344 
70572 
14964 
67140 
78112 
68922 
29576 
60121 
81814 
42716 
59650 
40827 
73303 
45790 
66109 
3126 
3111 
8997 
56867 
25690 
95223 
60901 
4713 
68407 
48778 
7038 
84385 
36392 
3327 
99887 
59338 
46023 
86812 
90654 
13163 
81276 
59577 
42739 
41398 
57743 
1808 
17400 
14922 
91463 
79543 
81032 
94589 
99006 
6381 
67808 
24696 
1604 
28709 
45761 
86363 
93839 
52800 
87100 
30231 
72479 
3340 
5922 
18502 
90152 
12928 
48018 
71428 
72505 
7109 
29178 
46600 
25269 
46579 
61523 
33084 
42474 
58907 
27674 
41480 
65288 
11834 
82529 
83244 
56896 
28290 
69608 
50735 
97442 
56708 
97319 
69921 
60048 
19593 
4776 
66552 
32521 
52794 
37981 
5027 
76255 
67159 
67979 
1525 
30090 
29502 
34609 
88916 
88409 
78635 
46749 
70049 
6822 
29278 
53294 
80070 
57568 
39254 
30805 
71363 
95962 
44476 
41284 
72363 
64069 
46060 
55267 
96591 
15206 
93248 
17970 
7814 
76760 
2301 
9339 
23202 
48156 
60300 
12119 
52917 
55288 
58868 
22967 
78462 
4498 
76261 
58532 
78418 
15515 
5689 
49781 
27829 
50166 
7418 
16544 
30587 
53478 
71812 
43530 
85037 
81412 
77852 
92851 
58172 
80154 
18542 
81375 
28310 
95194 
9846 
97579 
66834 
85066 
20546 
45296 
89564 
13159 
20180 
67982 
28674 
25870 
17764 
72856 
92388 
25182 
89400 
39327 
95012 
77564 
82858 
96401 
58977 
77062 
5604 
17149 
73568 
24146 
14876 
18230 
35693 
41074 
15810 
2527 
26140 
36356 
64176 
32056 
49516 
708 
39 
94542 
26578 
34155 
83750 
35318 
75689 
89503 
74646 
70701 
67067 
73856 
83455 
42396 
67270 
89059 
75898 
40839 
13206 
7126 
59069 
65251 
48201 
74879 
84130 
90693 
27588 
48306 
22750 
93456 
49015 
22789 
4350 
91945 
73296 
88101 
27264 
48985 
93956 
18262 
36038 
61023 
8470 
19493 
19772 
75740 
8553 
95670 
16579 
38111 
2796 
75649 
19714 
67349 
66880 
3844 
58043 
94468 
68503 
80793 
87924 
17518 
19934 
92275 
25815 
93230 
96728 
69431 
42215 
90684 
87693 
78253 
68059 
96163 
14099 
87831 
71904 
39004 
99853 
4835 
77115 
19002 
80484 
96829 
86351 
47365 
17025 
44394 
58185 
85528 
25187 
46110 
3046 
61473 
54737 
45214 
54703 
67817 
14645 
13270 
58501 
18691 
91524 
42912 
31206 
21975 
30744 
19462 
60979 
46949 
24298 
54446 
65951 
4782 
51275 
52303 
68499 
68300 
96697 
26685 
70181 
38237 
89147 
89579 
99710 
60236 
34793 
70766 
28053 
65791 
84036 
2906 
84482 
91912 
45818 
15688 
13887 
92914 
35151 
74866 
39864 
59449 
29312 
5815 
80583 
96939 
58118 
65435 
81592 
71168 
8472 
51773 
25757 
13971 
41352 
25467 
90559 
92498 
12585 
34964 
58289 
96622 
37870 
42771 
88534 
40 
74811 
18774 
9307 
26314 
93640 
49171 
85763 
39305 
71338 
82699 
36244 
29457 
64486 
34188 
16977 
72958 
2313 
42734 
86929 
43666 
84553 
77488 
36164 
97139 
12452 
94453 
10113 
66674 
53576 
98647 
83066 
28387 
33773 
92373 
54702 
27414 
41544 
56817 
83071 
12883 
55868 
35667 
58692 
20354 
69856 
75669 
93312 
72169 
18403 
96593 
32187 
19308 
90433 
84703 
16447 
19237 
79156 
26560 
2263 
49084 
41560 
85330 
93824 
91685 
77703 
64878 
19099 
35600 
21695 
18522 
64835 
93916 
54190 
23527 
30622 
40398 
15548 
23935 
28919 
50303 
36880 
61107 
69611 
43666 
45810 
2411 
62903 
41319 
45323 
65167 
90403 
3235 
66849 
579 
94921 
44552 
65457 
30372 
96504 
3505 
48895 
61339 
97421 
3085 
1218 
28043 
59835 
16766 
68330 
88754 
83421 
21563 
49861 
53033 
65229 
12024 
71796 
44484 
69695 
17119 
26003 
76450 
20355 
92852 
77030 
15276 
53757 
42487 
45648 
50261 
45992 
10895 
27953 
59765 
30332 
29171 
87809 
90167 
62290 
72491 
78922 
62063 
94054 
45135 
15096 
75635 
57159 
3244 
20120 
26854 
20364 
46123 
3305 
57071 
55328 
96687 
88699 
9085 
39174 
50699 
75698 
1519 
61595 
3651 
61284 
91927 
49175 
65445 
98447 
27817 
37937 
77369 
89880 
48343 
22504 
21329 
40331 
96016 
24573 
60451 
39222 
61289 
22926 
58879 
34712 
78254 
55566 
23411 
3691 
11093 
90463 
95742 
12612 
52058 
99393 
73896 
60337 
64920 
39342 
58784 
9089 
93631 
52505 
98970 
41974 
91362 
36651 
82305 
3730 
61224 
59108 
42952 
38866 
98387 
18184 
73578 
92993 
90102 
13342 
96685 
1195 
3805 
92427 
13807 
72215 
8172 
4056 
48904 
89445 
43398 
24041 
98534 
53381 
76546 
13856 
11707 
67908 
50507 
94013 
87990 
28084 
69473 
30943 
83302 
67860 
65479 
56880 
60854 
55581 
86574 
73891 
73129 
90379 
82670 
86936 
78946 
7194 
7344 
27851 
96639 
67094 
51892 
11526 
20475 
28438 
25382 
32183 
12699 
92242 
42548 
17041 
20326 
12021 
64336 
19980 
96234 
29815 
93212 
73440 
1749 
79787 
63683 
74878 
86518 
46353 
78166 
65465 
53547 
85511 
9668 
66539 
52605 
61560 
78065 
73081 
6350 
19799 
5264 
35401 
12041 
47812 
52443 
48719 
76185 
16779 
68699 
88771 
62947 
61912 
62211 
64696 
58051 
25894 
39574 
44569 
88599 
17740 
10034 
58499 
3251 
36054 
25038 
55857 
97614 
19455 
45290 
20317 
39254 
66906 
55718 
67648 
31070 
24513 
16367 
7255 
57645 
1419 
96027 
20592 
63331 
74590 
85288 
21382 
16837 
24862 
82303 
21788 
58954 
8690 
80287 
62206 
44744 
21677 
34415 
58711 
41132 
79705 
79028 
80387 
62963 
51098 
48035 
94033 
75612 
80754 
1288 
49609 
82173 
13667 
70201 
61856 
4610 
55489 
99590 
37799 
80351 
81894 
59587 
55657 
90584 
39875 
17863 
35328 
61552 
68630 
94039 
2685 
64687 
89419 
99424 
27650 
40518 
63811 
21683 
32482 
44565 
39324 
82091 
43091 
69343 
68644 
4947 
90305 
24133 
20890 
28104 
20836 
2784 
87692 
76493 
9720 
27567 
10709 
45048 
5471 
79339 
55440 
24508 
44027 
61211 
23932 
88029 
18081 
4095 
9713 
50563 
65013 
65389 
49006 
8104 
51084 
17650 
29403 
41390 
58135 
50293 
69494 
78971 
69429 
57186 
71817 
79149 
1105 
82526 
40550 
6577 
61865 
12342 
31085 
22244 
73553 
71370 
10274 
91635 
75465 
36339 
58550 
40478 
1728 
23909 
64934 
52812 
57911 
94338 
10554 
16047 
60983 
80049 
11370 
46765 
53587 
83187 
25914 
54693 
65713 
82816 
77622 
43931 
95158 
25059 
66175 
85064 
96429 
76449 
76699 
88247 
29140 
51601 
28725 
47220 
91862 
10012 
16385 
49774 
4350 
26939 
82173 
81685 
6988 
93543 
28450 
60576 
93083 
70717 
31621 
58796 
53533 
9243 
2727 
48692 
34302 
85255 
33756 
30732 
78056 
26807 
35331 
7197 
94760 
64056 
54417 
86623 
74068 
70802 
52749 
94770 
14094 
34922 
92808 
21082 
44817 
37610 
98010 
37900 
8327 
29631 
13049 
61861 
38874 
32128 
26905 
89529 
17383 
60661 
36613 
95440 
3820 
71944 
18989 
98580 
52352 
89758 
1555 
42773 
76913 
54304 
53895 
91007 
5578 
46703 
12089 
66748 
84314 
26452 
21000 
8993 
56083 
34049 
70854 
11310 
82530 
14111 
839 
99913 
74772 
37452 
11705 
94944 
9396 
30694 
9877 
61748 
36805 
11432 
20873 
13718 
82089 
74769 
4725 
4019 
21472 
33166 
70767 
22138 
59618 
8120 
31132 
15702 
58521 
18338 
43364 
41051 
32450 
44203 
57317 
23574 
98007 
69022 
34871 
23755 
16069 
44748 
1855 
52874 
56180 
22729 
82944 
38269 
97498 
87669 
42289 
35322 
37187 
29408 
57461 
96806 
37528 
4945 
28860 
96050 
39635 
72224 
37101 
88437 
32779 
94418 
12012 
30786 
79793 
63235 
70893 
12214 
7983 
72748 
81440 
64163 
95477 
64384 
18785 
92975 
68405 
77426 
28298 
5592 
23186 
2111 
2398 
60715 
7056 
47610 
73117 
63043 
36186 
26570 
51481 
68965 
37341 
79845 
16103 
17134 
43080 
86996 
45700 
51063 
59745 
27140 
31578 
71574 
91524 
66715 
80902 
59929 
60493 
9200 
81873 
83680 
27663 
84272 
60747 
51071 
48234 
33864 
14114 
84421 
76786 
65595 
69738 
14127 
61792 
85842 
47613 
4872 
89190 
93313 
72287 
65287 
20453 
3866 
36862 
28329 
86933 
17764 
4610 
47427 
43316 
86484 
47459 
70979 
87108 
8206 
38402 
51694 
58422 
52516 
36115 
35208 
34464 
22206 
65688 
96256 
8048 
13301 
17481 
13590 
22967 
89768 
78878 
59772 
93634 
32092 
88102 
96920 
49856 
9064 
44347 
9524 
95548 
91806 
96855 
99008 
16364 
35257 
50703 
91138 
4125 
3170 
26346 
54941 
25376 
8386 
51198 
49776 
38040 
68679 
63367 
61007 
58447 
58597 
20779 
68434 
90689 
25233 
65354 
56897 
34298 
26053 
66421 
46198 
34211 
63276 
45207 
50575 
14885 
12262 
41713 
35362 
15432 
84411 
90304 
40809 
9150 
57854 
90585 
47190 
26533 
53952 
8197 
1332 
12549 
45328 
86118 
19590 
70562 
67824 
76487 
4860 
93877 
42908 
51058 
44440 
22536 
12617 
11367 
53773 
24879 
53080 
89136 
40312 
53844 
79440 
81121 
62994 
37294 
88058 
26536 
80179 
42011 
34733 
97863 
70912 
80061 
83982 
6855 
50623 
68158 
83342 
71835 
78388 
42603 
22894 
22828 
81491 
35511 
34196 
35265 
76743 
3628 
24401 
17055 
73824 
20193 
98176 
36818 
57487 
2586 
79706 
54018 
60949 
14439 
51881 
31862 
10853 
52215 
55069 
77828 
20374 
38411 
49664 
98762 
97366 
88910 
37942 
78858 
40773 
72138 
14123 
17516 
75767 
54876 
34571 
49591 
75069 
49099 
2762 
48908 
51686 
82468 
2926 
12635 
13260 
54807 
60849 
24113 
7023 
15918 
18293 
43749 
70682 
67957 
58863 
68048 
56867 
96805 
63258 
13993 
68944 
93733 
31509 
61063 
48609 
66081 
27006 
40030 
31532 
46120 
88938 
83218 
44941 
91864 
12206 
74553 
63024 
73055 
15018 
86399 
5326 
33311 
30148 
92360 
1269 
5363 
76760 
74488 
2168 
40019 
88481 
87464 
33752 
19991 
48527 
98714 
2424 
91886 
38744 
33956 
54358 
27683 
33527 
99299 
35899 
62085 
73852 
98923 
51492 
88870 
85322 
56818 
38534 
31822 
65530 
39803 
37185 
42291 
30643 
55706 
98662 
35477 
43170 
32414 
71820 
8050 
31128 
74244 
99936 
86225 
24552 
54294 
13908 
74431 
69946 
49807 
36516 
60150 
65083 
88009 
65373 
66757 
61179 
3907 
14932 
43062 
60062 
68469 
85353 
90705 
24175 
84015 
26182 
67346 
32781 
14354 
75396 
80262 
4950 
91684 
66487 
29503 
62330 
96747 
20286 
32276 
62906 
73155 
8779 
27989 
77516 
74152 
94747 
55047 
78059 
26031 
98109 
38121 
94500 
83462 
45178 
18676 
83829 
87713 
2374 
32963 
2067 
77770 
13225 
7018 
69454 
96064 
52873 
48136 
92811 
89511 
96765 
55717 
62666 
5544 
59 
56534 
96048 
11158 
11582 
74107 
37189 
9691 
28580 
31689 
9506 
90110 
50365 
93335 
94175 
52739 
26298 
96243 
46861 
55875 
19613 
32667 
51939 
88838 
80804 
61102 
78349 
77569 
33172 
57368 
99465 
33231 
13902 
95513 
44389 
25484 
85972 
81578 
35176 
14552 
29619 
44682 
21014 
96337 
54369 
15190 
65428 
97020 
27785 
12290 
52895 
63750 
61309 
21187 
52588 
42113 
82289 
47289 
36034 
15461 
4657 
35499 
65044 
34912 
31012 
9433 
60396 
33336 
7363 
11924 
47888 
53335 
72958 
85255 
49672 
43680 
16797 
15100 
40700 
44582 
43742 
93595 
8332 
5052 
14782 
77272 
63517 
97072 
24561 
99552 
28885 
45571 
51403 
93930 
80483 
98768 
19715 
57231 
32104 
43431 
69156 
96345 
96766 
58466 
97952 
62790 
2146 
14749 
94242 
42846 
59331 
37985 
52794 
84015 
59389 
67576 
61287 
22906 
81000 
2200 
38810 
26238 
47771 
6566 
20168 
28254 
21686 
56235 
85486 
53790 
99666 
70994 
66487 
12784 
29460 
64439 
91926 
47959 
79188 
86169 
90805 
54871 
40506 
43599 
38886 
99895 
27528 
16525 
39153 
24880 
18726 
94316 
51118 
66497 
882 
71286 
11104 
22568 
43874 
96590 
92710 
59892 
83936 
59198 
72677 
29748 
23637 
80955 
77707 
19178 
67124 
84865 
74049 
23982 
44816 
29288 
23877 
72344 
62165 
79383 
97225 
80891 
73699 
64695 
63741 
74581 
52334 
74845 
97149 
96208 
87787 
89859 
56100 
88075 
65409 
45129 
17823 
5399 
26085 
11883 
24577 
9561 
96748 
14978 
33544 
41564 
44266 
73773 
30261 
6432 
53156 
43838 
3675 
26855 
8533 
83768 
1436 
60867 
58613 
14937 
73427 
62752 
21149 
29528 
50827 
86558 
91009 
85003 
91957 
17094 
96886 
32886 
43008 
9986 
47865 
76552 
51550 
8483 
66677 
98163 
31267 
19834 
58353 
34943 
46689 
83239 
18711 
64478 
44106 
93677 
79415 
17534 
72781 
16916 
63414 
23609 
19827 
54423 
8612 
28136 
87870 
21850 
61023 
30878 
31836 
8888 
23782 
99738 
17371 
90459 
97902 
64991 
10293 
72607 
99934 
73335 
55846 
34997 
37813 
16305 
45026 
33580 
50191 
17808 
50497 
13605 
57769 
70324 
84380 
82733 
98460 
72250 
4583 
75835 
19480 
36419 
84723 
59614 
36157 
18447 
50074 
50411 
83438 
76719 
39371 
99724 
66406 
95217 
51073 
4219 
11522 
12452 
54152 
78065 
46612 
4649 
8022 
4381 
91325 
92403 
87114 
6137 
81005 
8049 
81973 
16838 
60820 
83048 
76452 
13329 
17847 
42878 
80093 
17637 
35950 
19464 
33713 
2356 
14681 
84787 
22928 
42556 
13591 
77080 
20621 
60203 
98081 
28644 
64584 
89406 
37399 
68050 
11895 
18404 
92451 
10220 
51594 
53271 
9621 
28047 
66600 
27468 
87277 
46693 
45106 
23227 
82509 
78819 
41936 
97191 
79958 
64864 
56099 
93549 
58296 
93072 
53752 
56377 
38068 
34688 
62135 
75467 
19090 
74030 
10224 
11541 
603 
61818 
81164 
10224 
6217 
64117 
54044 
93495 
27162 
99150 
16722 
9672 
94322 
58658 
23215 
90632 
39874 
79314 
534 
98170 
88738 
70638 
70899 
26807 
5327 
33034 
18626 
40769 
23417 
28850 
68663 
24020 
7021 
49827 
50596 
13238 
13944 
4640 
6733 
41107 
20143 
39808 
50779 
30817 
14818 
73994 
21449 
54693 
69660 
21983 
69215 
58398 
8974 
40115 
1557 
14301 
73149 
20184 
71422 
12918 
65386 
40085 
53290 
72407 
89913 
3886 
85646 
20209 
24879 
8731 
77668 
45022 
48539 
28447 
92191 
63358 
18793 
13640 
34403 
4805 
51976 
3618 
79556 
60950 
60085 
81113 
91603 
49587 
1297 
63025 
62505 
66684 
19463 
15796 
55443 
25728 
36034 
41089 
45937 
60913 
66173 
23606 
22287 
14712 
68405 
14478 
94422 
3551 
44471 
45177 
8356 
12799 
65148 
4264 
90101 
25233 
85378 
98056 
74820 
3027 
77433 
53678 
69711 
96896 
85826 
25155 
22624 
21860 
82596 
84914 
99126 
48769 
8520 
21413 
79834 
93277 
52244 
90608 
96828 
13067 
35786 
21537 
25866 
934 
25801 
32319 
26167 
27531 
30375 
17340 
30559 
7808 
87370 
16622 
21057 
73196 
58129 
43681 
11408 
40726 
28595 
10534 
5847 
53467 
48300 
2033 
46745 
16896 
92642 
59925 
29963 
28428 
97814 
72181 
45714 
39968 
4500 
71881 
67499 
34875 
5573 
14410 
59035 
92943 
31033 
80092 
82491 
89162 
23774 
93900 
46240 
68721 
4434 
52088 
22189 
69086 
54121 
85286 
85982 
63115 
61563 
32297 
91543 
75730 
4478 
37257 
15698 
8978 
25491 
99549 
43853 
47416 
13960 
19241 
56712 
44993 
99333 
39203 
50507 
39459 
33103 
96748 
8181 
53890 
48836 
46722 
22976 
19309 
48360 
25311 
82425 
9923 
57608 
90320 
2005 
62087 
43930 
17703 
71065 
85773 
33605 
31271 
33189 
63917 
50512 
89901 
8910 
49845 
29105 
75769 
5657 
78560 
72517 
13838 
32450 
21353 
76912 
71779 
57015 
41624 
97090 
55792 
51547 
54698 
62464 
69905 
33137 
6394 
87608 
20555 
92167 
37565 
51826 
41709 
1482 
18690 
47962 
26744 
68535 
77067 
2514 
90544 
71980 
75031 
4382 
4430 
12737 
97646 
76209 
69752 
39270 
89651 
41896 
7170 
60702 
4360 
77075 
93839 
10755 
81035 
14394 
19274 
18601 
82572 
77335 
36435 
1262 
25298 
63180 
86150 
18717 
65694 
76694 
90697 
40725 
97429 
95128 
69814 
11427 
87689 
55918 
50698 
77341 
97814 
74220 
38043 
2175 
51295 
48234 
29282 
48682 
62629 
64908 
83635 
61553 
42244 
20071 
62816 
67542 
83251 
48966 
86259 
65297 
42012 
76957 
22374 
39441 
88437 
92189 
50869 
76126 
48107 
17919 
69819 
45922 
92139 
7862 
64449 
59786 
56097 
10083 
24820 
35078 
74991 
8456 
96631 
33587 
28527 
75799 
17481 
28130 
41117 
20093 
93427 
83130 
13402 
15801 
38923 
1839 
7990 
6144 
94317 
56098 
40415 
64137 
18372 
48906 
88351 
99173 
8692 
44448 
9256 
33513 
95878 
599 
41969 
8862 
34187 
86848 
84661 
68020 
14978 
25779 
88113 
8405 
25261 
17867 
24206 
80536 
19706 
48549 
86681 
30376 
20999 
43448 
10865 
39371 
92355 
99216 
38544 
1047 
60017 
47800 
50912 
55895 
64751 
9233 
64757 
98938 
96081 
49419 
83311 
27411 
91550 
71424 
52168 
16811 
89292 
92727 
13699 
25350 
41276 
380 
72078 
62275 
43829 
82943 
17998 
36184 
82160 
56542 
53583 
42177 
20694 
20848 
14424 
85445 
30081 
79182 
736 
42515 
44953 
399 
86278 
36503 
71823 
38447 
69666 
77467 
31174 
83365 
19170 
72450 
98 
7600 
51077 
60279 
90544 
69075 
12815 
89056 
25617 
82750 
47585 
62663 
3598 
62009 
64460 
50032 
57543 
81548 
92547 
2496 
81947 
95177 
55351 
70123 
33624 
41369 
63942 
64798 
41087 
83112 
37248 
57537 
90713 
88325 
17816 
97609 
73752 
46983 
3017 
15721 
29733 
50602 
78384 
49684 
28963 
59197 
99716 
86507 
40745 
8615 
5355 
22693 
3792 
60707 
9168 
37417 
18428 
73110 
18567 
59515 
72575 
72168 
17052 
79640 
76845 
51220 
93601 
50598 
98203 
96618 
66319 
44289 
47220 
44704 
10325 
92535 
3901 
10041 
79042 
60998 
35008 
84398 
43 
55152 
61457 
9211 
8921 
96237 
98674 
27489 
55753 
71249 
99657 
89157 
67241 
76502 
40378 
60842 
43452 
54933 
57460 
9772 
15574 
21032 
54476 
25899 
13567 
74729 
52292 
92610 
52079 
3652 
93360 
52123 
58805 
71169 
77686 
84078 
67406 
92712 
27919 
23159 
63961 
27576 
28669 
31202 
20431 
69047 
8396 
63883 
40332 
65856 
90007 
55907 
86888 
60835 
98158 
456 
51916 
50451 
9418 
3996 
70455 
19130 
72471 
29260 
90299 
66509 
29691 
57705 
59222 
57610 
97217 
39535 
1539 
25886 
87090 
38322 
11285 
95486 
18557 
67969 
61343 
8565 
40228 
64583 
69400 
38387 
65039 
21317 
5190 
90809 
25313 
75645 
9939 
14136 
21258 
238 
80645 
50949 
74296 
56219 
24911 
87865 
95755 
26450 
30103 
82845 
64772 
57740 
78331 
83330 
25709 
39674 
91895 
65938 
20610 
77647 
20677 
2001 
98964 
42219 
92811 
40629 
34216 
19102 
54765 
55474 
35693 
51763 
22775 
9989 
7982 
47687 
97854 
3737 
90489 
44309 
86582 
55262 
2049 
81266 
54944 
27758 
20940 
63191 
10048 
57902 
40838 
47077 
59904 
39803 
89296 
52715 
80432 
23513 
71817 
35198 
95339 
7510 
3313 
34467 
33851 
11295 
82154 
48057 
15033 
88995 
92366 
17967 
44257 
94415 
99233 
15553 
38526 
36526 
78744 
48574 
94428 
19583 
95652 
54332 
59386 
1300 
23399 
56170 
41165 
11569 
7720 
36505 
19079 
11033 
70972 
69283 
22329 
69478 
17340 
53714 
74825 
26059 
71681 
19083 
36826 
70915 
34636 
75352 
7441 
29733 
23927 
18221 
49316 
35931 
72554 
8702 
37231 
95953 
81224 
78397 
7522 
88945 
31254 
42954 
99978 
18578 
28589 
38659 
4408 
62281 
92373 
79233 
88340 
64055 
14668 
25167 
51322 
49305 
519 
75115 
95390 
40798 
93336 
44706 
93081 
65890 
69760 
46665 
78196 
50984 
25062 
2070 
39929 
72668 
61376 
56260 
91246 
89965 
94919 
12006 
68599 
87293 
91239 
56939 
51348 
5908 
98458 
19022 
71565 
15330 
94137 
66955 
72480 
87473 
28013 
65562 
69716 
97773 
12227 
47912 
48757 
53641 
66334 
5039 
26309 
27711 
61299 
33907 
34028 
56218 
62265 
2627 
59863 
53504 
75919 
27563 
75764 
74377 
46585 
63681 
6059 
40722 
30636 
78540 
28196 
58649 
44102 
14264 
72774 
72681 
62176 
21532 
26322 
44862 
42923 
68983 
72573 
4222 
19242 
22954 
76792 
81507 
25581 
36656 
51363 
1500 
64219 
27128 
92230 
27157 
7161 
98289 
67879 
37798 
93181 
12427 
12799 
53635 
26691 
1926 
26316 
5219 
23458 
68990 
50082 
66381 
37973 
39007 
86955 
73567 
61961 
63747 
71426 
3895 
16755 
22790 
21747 
97327 
66270 
13977 
24484 
73431 
28619 
8715 
27581 
21800 
37495 
56733 
75436 
64186 
58659 
18104 
85758 
98469 
87095 
52192 
81202 
41420 
7551 
68157 
14988 
69513 
48256 
2766 
89760 
81364 
25556 
11507 
78691 
8178 
41837 
19527 
97962 
70456 
28242 
41895 
8608 
65737 
98628 
396 
46276 
73639 
18501 
48386 
88460 
5596 
578 
69662 
47016 
8129 
54171 
78356 
93994 
18780 
81123 
106 
144 
23031 
11614 
95187 
47562 
69803 
31066 
45524 
40259 
59308 
3771 
65219 
41398 
2400 
65616 
4026 
92391 
84117 
52412 
80852 
6065 
69342 
66866 
69433 
93823 
21038 
47790 
4170 
56170 
45265 
4276 
72666 
84648 
32242 
67853 
32210 
2045 
15271 
94086 
42304 
74579 
97858 
23876 
32329 
16610 
89492 
52707 
25353 
89961 
21471 
22557 
96026 
90813 
89424 
65459 
989 
26814 
29601 
5159 
82984 
74866 
25787 
72002 
75867 
58030 
56207 
24429 
60075 
71478 
18516 
18732 
62409 
32726 
42608 
94739 
65688 
48452 
63798 
91041 
38413 
85270 
13599 
34439 
92435 
19375 
16250 
93424 
46189 
45852 
14935 
45525 
37070 
40723 
17527 
12937 
98753 
73734 
37367 
58828 
61564 
72235 
93912 
23973 
21313 
36520 
35064 
87001 
84972 
98863 
94394 
39737 
84133 
24345 
74176 
76568 
43720 
90427 
86345 
89909 
36279 
1280 
51786 
89701 
42003 
85665 
2639 
57108 
75751 
56358 
15937 
37315 
28593 
26201 
61289 
66258 
62722 
96353 
53259 
64046 
11568 
47653 
3784 
12053 
88351 
94312 
88622 
32071 
1091 
91319 
38333 
53722 
92599 
90119 
43424 
50955 
75785 
46063 
8063 
51536 
2421 
40352 
5204 
47366 
66554 
66493 
13624 
45628 
79198 
83235 
26026 
90767 
47240 
29810 
2820 
35591 
40475 
7794 
67663 
41566 
15465 
22348 
95289 
24417 
12467 
55065 
75372 
4604 
1128 
83435 
72493 
19901 
23788 
77697 
83619 
6694 
60542 
13595 
52322 
56092 
96830 
78348 
63211 
44070 
24511 
82384 
96014 
64986 
90178 
63677 
22904 
21996 
86025 
34545 
46413 
14844 
89610 
21785 
35801 
90738 
21572 
24646 
26991 
61712 
18695 
10610 
68406 
79237 
40557 
20728 
51681 
37387 
15429 
14893 
97810 
39940 
97277 
93824 
21278 
3807 
57501 
44182 
25803 
59878 
95080 
72216 
91074 
84690 
10353 
43227 
91781 
31926 
67873 
18772 
93638 
86568 
45735 
78397 
82157 
86292 
15477 
33839 
40032 
30906 
65084 
37842 
87198 
62361 
31666 
8476 
66168 
5519 
69011 
91972 
81749 
64091 
80540 
72823 
65133 
90894 
16051 
56914 
39172 
276 
92039 
32810 
3197 
54126 
11207 
85354 
56770 
43037 
35545 
96802 
73943 
629 
50996 
61142 
62990 
82662 
85970 
45511 
4533 
71333 
53835 
86282 
51776 
34375 
75458 
16910 
41621 
7861 
73824 
80793 
8137 
82215 
29956 
11334 
36341 
41163 
13041 
9464 
552 
48586 
6266 
74496 
65568 
57263 
51990 
44910 
56277 
54312 
90421 
60811 
25646 
44256 
63445 
77422 
94984 
38903 
10684 
36605 
46764 
861 
17399 
71254 
83076 
47355 
98940 
35770 
4870 
11981 
45234 
5423 
76920 
67852 
96271 
58840 
41467 
48261 
3750 
97745 
2573 
10524 
74908 
44571 
54780 
38353 
21994 
49764 
93609 
49030 
2722 
56725 
49891 
20121 
27979 
32968 
83828 
26920 
68738 
88698 
55253 
30324 
10473 
48525 
98176 
6744 
7365 
39644 
71357 
11116 
53741 
90283 
21640 
45001 
34854 
92772 
99706 
73200 
58889 
93315 
22231 
61611 
66393 
72122 
98084 
94372 
21442 
81912 
37644 
6532 
86962 
9250 
36856 
97436 
57775 
51385 
20532 
65141 
7381 
91890 
92609 
61122 
82173 
14249 
22475 
33379 
23373 
22181 
6580 
82262 
31849 
28811 
60225 
14594 
933 
58309 
8966 
22376 
56573 
62963 
28908 
43536 
72213 
82117 
57324 
46340 
33502 
77856 
11481 
40883 
86098 
4090 
18357 
84623 
34691 
40832 
18003 
58065 
79365 
24583 
56679 
27566 
53394 
16905 
42160 
70679 
91566 
67479 
9407 
48140 
46794 
38316 
8028 
19007 
20433 
65352 
65347 
70287 
59560 
93181 
11170 
62011 
13623 
29527 
46634 
48315 
86711 
80989 
22732 
66076 
21924 
95763 
9995 
91670 
29020 
52155 
62350 
20587 
35986 
71757 
85079 
82780 
26425 
93107 
18139 
63210 
58459 
99839 
33497 
34371 
93020 
61019 
96382 
6643 
90546 
59369 
71310 
77257 
56710 
94042 
59686 
78635 
6158 
86033 
70305 
35178 
54540 
49007 
72117 
90527 
37117 
57196 
73307 
63542 
66655 
7799 
43105 
41466 
7638 
92954 
75838 
658 
53974 
88572 
23653 
60872 
64293 
94964 
54482 
21004 
5358 
14168 
99639 
11516 
201 
86296 
63047 
71093 
35304 
35164 
61620 
72421 
8713 
51280 
52315 
75368 
59079 
11772 
16835 
66717 
4727 
9025 
67375 
75053 
97597 
91028 
35925 
78243 
2344 
90407 
99247 
7703 
20927 
15238 
19219 
37480 
1534 
98618 
8574 
53190 
33783 
70194 
25611 
42496 
21474 
94279 
34216 
80553 
6051 
51051 
63622 
27130 
76428 
47349 
2183 
74026 
38378 
38109 
52269 
57074 
44868 
67868 
64777 
65796 
83106 
349 
3276 
992 
98967 
11850 
54183 
32750 
98397 
96146 
91598 
36223 
6777 
42167 
33129 
29181 
93218 
96751 
56311 
69647 
44101 
74847 
60025 
98831 
12956 
28646 
55905 
57824 
12866 
20683 
39972 
95972 
21032 
43249 
13316 
36351 
71451 
67499 
85454 
69848 
79998 
77052 
22424 
86775 
35571 
55553 
15956 
28790 
52304 
88620 
14789 
96405 
63467 
91166 
95236 
92775 
36164 
67494 
66951 
49030 
88177 
6924 
45002 
25561 
66525 
74670 
78264 
54328 
42170 
63718 
24177 
38520 
57123 
46601 
25295 
92694 
18506 
57604 
37836 
70810 
46224 
68977 
83568 
26043 
60143 
95156 
18818 
96307 
62650 
85769 
61689 
67179 
9045 
23043 
92740 
75570 
97714 
87357 
29899 
56236 
51075 
70428 
94756 
8198 
33381 
20051 
893 
51887 
94007 
55081 
39049 
56583 
24059 
22617 
82626 
84202 
17774 
1444 
96862 
96776 
3566 
74903 
63956 
12611 
97947 
73048 
4534 
95661 
60405 
50785 
51897 
11481 
37565 
63005 
36031 
87298 
83056 
53276 
39185 
93416 
8358 
94586 
49999 
32417 
17204 
32626 
32971 
51330 
50422 
46185 
48106 
70340 
21089 
12062 
99304 
19036 
85111 
3838 
31049 
61868 
70975 
99298 
73349 
8540 
62303 
25733 
95838 
61711 
79009 
51375 
55127 
87367 
62313 
21479 
36136 
79517 
54105 
69108 
47199 
20879 
15293 
95306 
91220 
52734 
23720 
6876 
71770 
25183 
27066 
19171 
87052 
98041 
18469 
76753 
22933 
80772 
2486 
35123 
58836 
97848 
86498 
13963 
1567 
65163 
51794 
37704 
44681 
5899 
23164 
8232 
43131 
54809 
19890 
50703 
7544 
43611 
57579 
95666 
85146 
84645 
14838 
88550 
82686 
49659 
81656 
21971 
46784 
84142 
57094 
5620 
98342 
59944 
35935 
99910 
25107 
87730 
53966 
86140 
9981 
93482 
94373 
53112 
48291 
14263 
20167 
72187 
74226 
77746 
67854 
75725 
78743 
99044 
64275 
61429 
48703 
45931 
99752 
11839 
46426 
56846 
17459 
61120 
16790 
69747 
61030 
41898 
57477 
31348 
28038 
83810 
24830 
38763 
53275 
89474 
69379 
73442 
78013 
43605 
67541 
62219 
35682 
46284 
61263 
16310 
24066 
26319 
62241 
23818 
38158 
25019 
80665 
71970 
86140 
97455 
41717 
63522 
55705 
15546 
11223 
96 
15708 
52405 
38859 
68983 
58231 
8238 
58778 
36245 
68196 
26319 
98464 
20230 
72603 
76080 
36540 
13021 
2399 
15134 
36840 
56909 
40153 
17505 
45231 
42645 
31312 
86948 
22520 
3370 
18846 
33743 
3466 
50907 
2500 
58677 
19890 
60732 
83268 
95020 
96977 
67816 
21339 
95441 
88046 
10295 
71521 
40939 
23316 
90272 
56073 
76508 
47182 
12578 
10365 
8765 
55224 
41678 
95714 
77744 
61400 
30912 
27839 
64866 
81819 
30339 
39895 
18062 
91071 
39515 
13082 
4400 
7331 
50774 
16194 
11730 
77421 
87715 
52669 
17089 
94340 
8742 
93598 
57874 
37672 
3963 
66639 
92896 
61993 
78705 
86992 
23393 
25970 
31183 
4611 
24141 
77875 
60859 
42203 
85298 
374 
71638 
89699 
24058 
38764 
5893 
35788 
32537 
9960 
4809 
49626 
4300 
29903 
59576 
78526 
67575 
79892 
45166 
60472 
41885 
40223 
63816 
81631 
66193 
95000 
86242 
90335 
89227 
47101 
48890 
74525 
63828 
36880 
64224 
87886 
91996 
70117 
23674 
24533 
96430 
44835 
90512 
17082 
74738 
50088 
95609 
42313 
29980 
57127 
2785 
88218 
97350 
82954 
69849 
79896 
94306 
56091 
70231 
83533 
19545 
35473 
58058 
83373 
72354 
38635 
87611 
80702 
8752 
27637 
5236 
21534 
72472 
95748 
38617 
47210 
62188 
50578 
89523 
8521 
7705 
8661 
96739 
21407 
7967 
66588 
1303 
2273 
39031 
87886 
85806 
58576 
23360 
60216 
58301 
12066 
98851 
62264 
92768 
23956 
89901 
14356 
45490 
62373 
10104 
459 
9583 
88645 
51037 
15459 
97166 
75094 
40472 
93905 
96502 
48439 
60493 
14157 
50712 
15876 
2044 
52870 
74453 
25404 
13086 
49106 
37470 
28290 
11371 
46590 
52246 
1272 
60947 
14088 
79998 
87403 
14548 
5933 
76048 
81937 
21392 
89566 
57032 
78216 
83471 
69886 
26655 
60316 
84043 
93719 
76193 
86087 
46589 
66998 
27843 
76028 
32456 
81665 
4318 
43827 
28256 
72916 
61452 
5555 
3356 
57802 
92958 
17904 
63735 
85359 
16194 
1480 
91277 
73226 
79696 
74749 
59464 
22704 
51417 
43507 
16423 
43962 
45947 
63013 
10960 
73790 
55393 
59769 
55456 
76063 
19948 
64 
65331 
81400 
5619 
68687 
55554 
14929 
2944 
35642 
16640 
19138 
37122 
7918 
8716 
33170 
99019 
68180 
55874 
66788 
28039 
72298 
10751 
73986 
51663 
38063 
47777 
23408 
97832 
19585 
99471 
17781 
36001 
81154 
15533 
57972 
49841 
71088 
89253 
52785 
6730 
5894 
71923 
60204 
30164 
80639 
93374 
29183 
65171 
65601 
12323 
93211 
37899 
23074 
67197 
5914 
61138 
31326 
29322 
75322 
67263 
45145 
93103 
3264 
26299 
8637 
77588 
92492 
96077 
66842 
45278 
19159 
89088 
33553 
79363 
19252 
30545 
89089 
64787 
95716 
54690 
77110 
88927 
8941 
16537 
56125 
31207 
77675 
3803 
60529 
52997 
71067 
22026 
62453 
90683 
64677 
87442 
68272 
73522 
99871 
35114 
35152 
19030 
24202 
68705 
14745 
59806 
15602 
3834 
24593 
11319 
74877 
18055 
246 
83818 
34592 
72723 
15026 
28619 
92879 
91907 
81617 
63946 
30286 
60422 
54629 
11315 
47864 
39253 
84837 
47735 
74367 
19989 
83117 
14921 
5047 
97862 
74727 
20649 
18048 
15672 
48320 
92925 
33728 
64919 
93096 
68320 
37642 
24474 
96940 
46873 
32733 
94909 
10819 
63019 
71683 
81801 
90687 
19547 
21054 
75524 
83634 
11774 
95514 
66751 
43047 
16913 
80965 
17775 
37562 
99013 
49799 
85883 
8291 
83527 
67154 
1387 
68200 
21148 
42213 
81492 
68022 
74946 
92753 
78841 
54318 
64436 
76994 
45005 
335 
98049 
20529 
83969 
26175 
32395 
67072 
69222 
49308 
48037 
3349 
3223 
63402 
53149 
5458 
71693 
53028 
72612 
73080 
37580 
93760 
15293 
19072 
61782 
6592 
28177 
56976 
60910 
92613 
33970 
5915 
92948 
48371 
26444 
93269 
74546 
75192 
76693 
43769 
40852 
24730 
47118 
44075 
88133 
267 
65885 
76178 
69648 
38497 
65611 
7228 
48610 
80904 
42653 
26744 
87496 
70830 
83720 
64758 
79796 
34043 
70673 
89096 
82414 
13470 
82366 
56961 
88662 
75411 
17082 
29514 
142 
80552 
89942 
4627 
97172 
55827 
80805 
66820 
10677 
46416 
74048 
59287 
43673 
33053 
2383 
47521 
3884 
2456 
12280 
32 
36499 
99305 
89128 
35265 
12775 
87846 
8578 
17789 
63258 
25660 
47304 
79752 
6213 
53598 
731 
3385 
9425 
97888 
86557 
20102 
60657 
60605 
95741 
4330 
10011 
98125 
68203 
30247 
16933 
96835 
30279 
53432 
12493 
35759 
88697 
25268 
23606 
13628 
59410 
3216 
39288 
23066 
99320 
61853 
76664 
51 
65238 
86089 
97939 
51795 
22544 
58596 
28753 
34637 
79278 
55116 
49114 
47482 
85363 
66047 
60669 
31994 
19479 
73162 
67753 
24529 
14783 
7711 
38157 
74193 
10927 
93797 
97259 
10247 
55651 
73923 
26650 
37241 
76364 
24590 
5389 
98908 
83186 
50494 
33546 
78817 
5610 
82660 
26299 
7325 
65060 
3320 
39319 
84539 
76483 
7072 
25420 
7618 
14784 
79929 
81811 
42063 
73727 
79070 
68663 
45730 
69345 
95313 
99323 
45709 
36255 
21064 
60970 
19442 
71558 
10868 
14611 
93520 
9880 
57262 
845 
74940 
60582 
56516 
75832 
53417 
79941 
1252 
61035 
11077 
97534 
59198 
53140 
87613 
54620 
38155 
49695 
23965 
49821 
49018 
86027 
86076 
70083 
46997 
21870 
57993 
74217 
36481 
51514 
84097 
93743 
68711 
75390 
54326 
25228 
51222 
24095 
5169 
68826 
85131 
16246 
66360 
44329 
85738 
70325 
15302 
40246 
20020 
39267 
90067 
69039 
41646 
76143 
55474 
88643 
98014 
13467 
79212 
50847 
81333 
79662 
44591 
50045 
55052 
15269 
91625 
6274 
39364 
13146 
91452 
40847 
45744 
74165 
1529 
31482 
44490 
16831 
88080 
80863 
72450 
78147 
66254 
14097 
70643 
21728 
19092 
68657 
51547 
98305 
35856 
32881 
77967 
80447 
82926 
49371 
12068 
90903 
55645 
51433 
4049 
63449 
8632 
49793 
37614 
26513 
97627 
98457 
43344 
85708 
79320 
32147 
63855 
61926 
46244 
34498 
83654 
65336 
19507 
35201 
79993 
55364 
84434 
74312 
52163 
83712 
23683 
64232 
74615 
95680 
32017 
95016 
59130 
57001 
44809 
13096 
83515 
58789 
27905 
43211 
44497 
7225 
75358 
24704 
69151 
21602 
75555 
69157 
3291 
95062 
20711 
99636 
66778 
5145 
73949 
35294 
5210 
13984 
15878 
96177 
9665 
47895 
91194 
85147 
4896 
52355 
14595 
4763 
11144 
42501 
47975 
55641 
66078 
23333 
96698 
51582 
61288 
72253 
20739 
80931 
83667 
57802 
80567 
50446 
79300 
70868 
2092 
84510 
84853 
17970 
80687 
10870 
65865 
71881 
96017 
87113 
24237 
26964 
8229 
51733 
69465 
56204 
7375 
35544 
95889 
20425 
3478 
73529 
92678 
24217 
54460 
76345 
82020 
35028 
43143 
61320 
5896 
45235 
62182 
90749 
63205 
42869 
17971 
45422 
31103 
13988 
48888 
71692 
57305 
73469 
23425 
26770 
29673 
47152 
78666 
41914 
67577 
82144 
15444 
76607 
22714 
86256 
52953 
21086 
21284 
12448 
98758 
43533 
57684 
60940 
50634 
37241 
20161 
68606 
99016 
67616 
98946 
64256 
39308 
56251 
37725 
79086 
99374 
83750 
26238 
94392 
42016 
10168 
76537 
73812 
86775 
15603 
60069 
56080 
36689 
97705 
68529 
35447 
41238 
42565 
12739 
8225 
79806 
32900 
76831 
95174 
16869 
92129 
75782 
56177 
64733 
29859 
51615 
64107 
13609 
94206 
58499 
71978 
4374 
51388 
45790 
7501 
66991 
5859 
63582 
20032 
3565 
32111 
55479 
61155 
74676 
84570 
69380 
70834 
33823 
62563 
82361 
50692 
71045 
58143 
23221 
35778 
88003 
74837 
99885 
17964 
69043 
74736 
6294 
89769 
26125 
52085 
97270 
93116 
74296 
60852 
13149 
94213 
9315 
84980 
55369 
83991 
85903 
41101 
71178 
19726 
20017 
69891 
86770 
91062 
28034 
9991 
26840 
32389 
84828 
43077 
66706 
70223 
17813 
73000 
59992 
43938 
41437 
57263 
53407 
15734 
34467 
82908 
9947 
43783 
84240 
81668 
27774 
70143 
22770 
15304 
89869 
59139 
85195 
92991 
66553 
29582 
2983 
93393 
78323 
4163 
52822 
45029 
74387 
86987 
34382 
50731 
30926 
75819 
24346 
685 
91553 
58814 
99945 
17853 
2597 
84185 
99521 
46723 
54329 
38643 
62028 
60550 
97782 
63575 
53542 
64335 
93157 
72877 
74080 
71481 
77040 
43254 
32862 
67779 
30242 
67244 
34863 
77520 
43064 
59209 
78205 
50969 
18023 
78150 
68822 
20620 
78687 
68344 
67344 
33016 
23339 
45724 
9919 
21122 
9299 
79813 
1809 
18809 
52690 
75890 
6642 
46082 
19144 
39504 
30214 
49386 
23101 
65077 
26906 
82517 
24286 
21463 
33486 
42310 
15965 
2309 
79282 
94653 
87005 
62978 
44021 
10344 
8702 
53940 
47818 
34354 
33753 
49628 
53163 
86443 
25518 
76157 
48878 
61014 
32013 
79092 
26753 
55114 
44169 
70011 
37631 
68455 
91475 
71118 
27117 
23792 
89779 
22752 
18445 
93136 
85730 
62467 
3480 
10785 
32759 
67651 
45139 
66513 
17279 
14654 
69308 
59149 
90811 
18186 
20163 
39176 
13630 
46916 
94291 
57799 
16928 
31922 
42607 
24755 
19392 
86076 
48547 
9171 
8828 
83345 
18659 
10911 
62164 
38492 
21696 
94923 
6143 
83187 
77788 
23422 
14193 
63449 
98923 
21356 
97987 
19086 
60532 
11618 
82355 
54823 
69417 
15635 
3098 
28376 
56742 
22490 
14453 
21641 
48014 
39633 
4986 
66673 
66896 
83502 
5165 
4944 
78426 
27660 
88131 
72566 
67434 
2324 
36015 
66357 
23680 
50355 
1796 
565 
61973 
84151 
55388 
47742 
16138 
58486 
76119 
89232 
97329 
6924 
10873 
61695 
62909 
32212 
44720 
46158 
15714 
66238 
51102 
10492 
93898 
39234 
99411 
61333 
57910 
35426 
27690 
97943 
2133 
29486 
98508 
64106 
29989 
53896 
11849 
62479 
28735 
4320 
51711 
42416 
27596 
62585 
4111 
6857 
11149 
48831 
53015 
43215 
15069 
4118 
53708 
25320 
59704 
53119 
86653 
17614 
4897 
30695 
15557 
7031 
76534 
30417 
87489 
6523 
666 
15690 
85355 
29401 
36362 
37066 
88169 
80310 
16003 
8632 
87168 
43504 
57463 
56535 
86720 
88885 
77005 
56780 
30557 
53061 
26251 
17210 
70676 
31148 
64257 
2585 
54531 
40791 
49355 
58373 
63667 
50021 
74063 
49022 
95774 
10426 
2440 
83943 
7088 
34796 
92575 
94256 
78300 
66390 
67144 
65020 
71627 
60501 
21800 
2184 
13563 
48051 
35746 
591 
95552 
4 
3176 
66435 
57147 
52531 
24808 
20814 
18904 
15224 
86188 
14678 
42002 
88629 
98621 
49090 
23425 
91196 
59699 
1725 
73939 
26843 
83098 
45566 
3696 
4898 
47751 
17259 
69302 
99849 
17850 
64854 
16205 
37379 
47641 
73353 
89910 
72450 
10519 
8815 
87674 
96708 
23493 
29676 
1689 
38467 
95118 
41466 
46015 
54817 
59543 
19954 
98012 
42641 
65521 
1709 
63892 
29624 
18968 
33194 
29473 
36819 
14400 
62031 
74198 
62041 
35384 
80460 
34491 
62255 
5627 
38517 
75315 
45473 
84545 
77004 
83940 
79664 
18470 
29955 
50833 
78014 
66262 
48846 
37007 
31783 
50555 
899 
61407 
85875 
34093 
7232 
22694 
48493 
69263 
13244 
26887 
20999 
10057 
77730 
83255 
15684 
16248 
58570 
77509 
17145 
51927 
77801 
13161 
70397 
24109 
63995 
64763 
90371 
29193 
1771 
22154 
79748 
2670 
99913 
81975 
53116 
7145 
4670 
17961 
92761 
34266 
44848 
13760 
44323 
22579 
13367 
76360 
55179 
71938 
70221 
88676 
23865 
48023 
1838 
10614 
88484 
82185 
75378 
78855 
11378 
93501 
17361 
7478 
96171 
33626 
89453 
65639 
57123 
10475 
83601 
49884 
44742 
44801 
79997 
5417 
67380 
93364 
81777 
38911 
81654 
68351 
27588 
21871 
32726 
29426 
32486 
21210 
27963 
24216 
16417 
39341 
17717 
33778 
46819 
30240 
67404 
36272 
12232 
24527 
46748 
95833 
90764 
7842 
40634 
70761 
13259 
24367 
80477 
11389 
79630 
62132 
79740 
7218 
355 
12466 
52996 
32841 
33676 
80959 
73409 
66445 
36652 
7478 
223 
83471 
37719 
83979 
36096 
49951 
24858 
82844 
62136 
15622 
90686 
19122 
2735 
20297 
59841 
99565 
31686 
39472 
78049 
11426 
63042 
78404 
40244 
32391 
27598 
90272 
13350 
1007 
56717 
66355 
24838 
73292 
49826 
62557 
57271 
85922 
28860 
98482 
85118 
7348 
30456 
75804 
42822 
49544 
96102 
2664 
49109 
44140 
58488 
27158 
71919 
21530 
21914 
12163 
53921 
49512 
18788 
83624 
66872 
75505 
49979 
91710 
48798 
16157 
70619 
22421 
2080 
15831 
20903 
3550 
39531 
51360 
95707 
82353 
904 
8161 
85017 
66365 
52301 
59857 
9875 
24220 
81388 
31789 
52736 
51661 
97654 
71524 
51637 
64526 
47029 
1616 
72588 
12179 
34126 
43207 
50953 
36206 
59038 
71856 
39756 
98569 
39568 
35463 
97274 
56824 
43624 
98644 
39541 
12278 
58501 
49416 
36498 
39889 
97558 
89234 
7903 
95212 
60758 
59540 
59738 
24140 
77509 
48678 
52671 
11635 
91885 
3624 
47841 
67275 
91833 
3949 
82196 
47753 
55765 
79470 
4578 
15741 
78114 
60471 
44371 
36616 
9888 
80870 
92857 
7446 
86456 
760 
2658 
63567 
76653 
78748 
87707 
54162 
27426 
40378 
65797 
35663 
60355 
29990 
2938 
52188 
50291 
1486 
99941 
22408 
80956 
20871 
38150 
75423 
81343 
82521 
28391 
7583 
79743 
21248 
15029 
66200 
38361 
34039 
29767 
15014 
29139 
33826 
69176 
72917 
90556 
34973 
24932 
50911 
81315 
44222 
3099 
31606 
45708 
19393 
54015 
43016 
40264 
8517 
18439 
37959 
7390 
46830 
45542 
87134 
84431 
76923 
69686 
22792 
27314 
15805 
37806 
72805 
49631 
6982 
45722 
40187 
58307 
87006 
7451 
39622 
31228 
10550 
71228 
76936 
29943 
41595 
36305 
86560 
50112 
54744 
24519 
57503 
17927 
70062 
60989 
2358 
63337 
30675 
41502 
90652 
62832 
79308 
63457 
12463 
2642 
25532 
69002 
60949 
12538 
92805 
571 
60119 
3356 
88151 
37055 
49651 
46099 
89712 
36211 
96211 
60809 
77083 
70066 
78736 
63497 
31055 
97446 
26834 
78082 
38948 
17486 
40914 
34608 
97296 
69729 
37250 
22828 
55084 
98199 
51718 
47889 
15122 
11837 
67597 
19625 
65245 
33601 
65724 
54957 
86164 
78288 
32118 
63247 
64706 
10854 
26744 
12114 
24652 
69931 
90196 
79952 
87417 
47463 
14560 
1065 
33544 
68162 
40245 
88628 
82713 
91964 
52870 
14187 
20153 
20467 
33813 
1750 
70420 
15889 
56708 
56585 
10529 
88826 
19832 
75236 
16033 
62929 
87350 
57037 
32860 
93898 
36990 
36629 
41361 
67902 
54047 
74906 
36065 
94292 
79886 
18778 
86256 
32756 
49318 
22762 
69576 
83131 
24512 
39996 
15372 
97572 
12933 
25902 
2751 
49118 
17490 
18784 
12047 
21192 
92173 
61259 
15090 
29163 
14240 
56452 
13418 
68287 
47710 
65835 
62580 
27596 
965 
65188 
76705 
50283 
4302 
46281 
33414 
28815 
2629 
65139 
26387 
15563 
7393 
29138 
64681 
24883 
64274 
93080 
46075 
56448 
70691 
77517 
1963 
84931 
33969 
15381 
69571 
98031 
81216 
48503 
25628 
82182 
30043 
18685 
32465 
34346 
81318 
82232 
63161 
83947 
63723 
5900 
15862 
71116 
51391 
96895 
12351 
15665 
89975 
74778 
72113 
77018 
52295 
74077 
78302 
2617 
5810 
47873 
648 
87027 
12728 
42628 
85561 
42771 
77665 
18026 
93469 
58983 
16610 
72982 
42931 
80333 
78883 
75145 
51449 
30274 
72041 
80152 
45939 
78368 
71282 
34405 
55387 
23578 
24834 
50041 
42547 
30644 
14266 
59547 
34023 
26994 
2176 
19584 
86117 
79841 
53963 
79587 
55177 
86925 
52569 
14460 
67259 
47804 
89605 
35060 
94430 
77998 
31565 
56722 
56367 
2847 
91127 
28106 
26425 
32313 
78147 
85324 
62957 
92413 
44872 
13333 
35759 
47048 
49269 
21876 
43241 
19584 
17815 
98418 
6510 
86737 
29230 
73769 
34541 
18836 
25181 
28972 
96834 
56746 
85694 
69553 
59594 
93173 
14011 
2371 
25486 
8510 
87696 
4795 
17275 
32568 
34480 
53034 
95968 
83750 
91263 
55561 
3334 
25430 
70332 
9844 
12167 
99562 
99965 
46709 
34750 
41499 
92033 
31585 
14597 
94079 
17490 
74191 
3604 
47854 
92915 
45442 
72716 
80611 
50237 
89992 
29531 
1070 
59378 
41851 
84820 
66993 
97412 
4506 
92424 
67744 
30703 
4591 
83659 
47020 
67652 
18409 
88519 
59685 
66346 
3117 
70116 
189 
93660 
73720 
48043 
86575 
19162 
20759 
83538 
85752 
27103 
29421 
86822 
86482 
71272 
87994 
53475 
85037 
92500 
62251 
69133 
39555 
66843 
52792 
86576 
50847 
71202 
91447 
26885 
53900 
10916 
97001 
54089 
20929 
70722 
18484 
23856 
6236 
39244 
7395 
91988 
66347 
53168 
95162 
69181 
40793 
83156 
39009 
25830 
92009 
17612 
94963 
31564 
84455 
47756 
34492 
35303 
35310 
42292 
62188 
5562 
69560 
75541 
59652 
90489 
62615 
78136 
14346 
68852 
33732 
38093 
77192 
16432 
91261 
72355 
1965 
32054 
55511 
40974 
57884 
63872 
58587 
69200 
95437 
59394 
33308 
46281 
11049 
84970 
4925 
89589 
90532 
74486 
65131 
50184 
64975 
27746 
44673 
79321 
12950 
78405 
33766 
90143 
11189 
25028 
62498 
13155 
73434 
34361 
70481 
47671 
98234 
45420 
16871 
10023 
21167 
50179 
56304 
32216 
51501 
77582 
38158 
42033 
52068 
19641 
8570 
33395 
63739 
53243 
29069 
76690 
48000 
62835 
66833 
75542 
87863 
45683 
88697 
77650 
80044 
75530 
25321 
78278 
20951 
58544 
88301 
42118 
25075 
60958 
90686 
76576 
38540 
28844 
18609 
6960 
48485 
27179 
40355 
12225 
96774 
69424 
5267 
61127 
32260 
72100 
36669 
36475 
34135 
41718 
14125 
14179 
17248 
55798 
8810 
54551 
14342 
13463 
96669 
39417 
74421 
3708 
15993 
29313 
32552 
50955 
36273 
97390 
94486 
92981 
9615 
91261 
62405 
14882 
68740 
11017 
3334 
5409 
63845 
37469 
63479 
94322 
68000 
80727 
50121 
76810 
35279 
64463 
90274 
48300 
20233 
81047 
52008 
52578 
26713 
913 
3533 
79338 
98303 
98020 
72319 
24270 
5633 
51077 
55504 
74373 
62094 
58838 
96134 
42291 
12659 
59613 
36614 
97011 
56692 
86735 
90174 
8323 
67550 
96800 
56624 
87783 
77847 
24984 
40362 
4560 
25897 
60247 
83899 
40552 
74619 
72570 
81174 
80252 
23647 
36678 
70977 
2094 
11868 
83463 
44385 
40879 
59428 
80999 
37891 
32473 
84086 
28065 
40796 
51637 
24865 
13772 
55772 
19064 
55109 
12486 
39977 
97358 
89086 
40228 
37911 
63705 
12798 
19085 
60310 
52798 
72116 
47639 
54892 
83984 
47455 
15629 
24864 
6883 
12981 
62755 
55708 
97067 
7172 
12857 
65056 
32037 
26629 
37181 
67453 
81738 
66019 
7430 
95449 
55105 
64010 
33360 
18811 
76809 
68797 
95473 
29607 
40913 
43112 
851 
41250 
90567 
32832 
66114 
13803 
45813 
45221 
69511 
59233 
52393 
82368 
40641 
782 
25350 
77822 
68235 
23440 
43842 
92018 
18889 
98947 
56028 
68601 
34110 
49189 
53751 
29583 
95148 
11016 
72696 
95999 
52266 
79615 
45184 
34732 
9770 
90997 
79953 
79282 
50230 
32346 
78002 
7224 
49480 
19704 
85046 
34068 
43145 
28888 
26086 
78386 
44188 
98466 
46988 
78298 
47656 
17091 
24234 
59156 
28107 
96930 
71508 
80374 
92897 
16692 
15106 
2668 
7689 
11412 
98302 
74272 
60110 
92656 
81496 
9591 
12361 
82894 
43659 
71858 
28135 
86097 
50244 
72323 
915 
13584 
66973 
64923 
30675 
91207 
24080 
58783 
4489 
95588 
55509 
13739 
28632 
86967 
16407 
52673 
98379 
14709 
26945 
74842 
7365 
24793 
84433 
36078 
24040 
44444 
7936 
52175 
46893 
58181 
40850 
64160 
71765 
24175 
29084 
18793 
31735 
69516 
93928 
52576 
81456 
65789 
66315 
10088 
52756 
99074 
62761 
67488 
13783 
6059 
42330 
37501 
47204 
43115 
73579 
71244 
3911 
97868 
39771 
50804 
56049 
80621 
31316 
44166 
4797 
60400 
62959 
52884 
46268 
73239 
5460 
27724 
39028 
71776 
54164 
8137 
70850 
16926 
91977 
986 
39337 
34307 
54839 
86541 
93774 
44770 
74138 
97685 
42638 
13909 
64841 
98687 
94531 
96157 
59206 
15680 
72910 
38517 
68564 
19178 
11757 
90376 
63255 
50785 
78504 
17419 
75274 
49355 
50697 
67251 
66693 
90034 
17910 
37884 
76576 
11684 
82654 
50714 
25721 
25293 
64623 
6914 
40332 
75506 
19424 
99538 
7538 
8686 
54408 
92454 
27864 
66165 
82831 
7471 
33302 
61335 
24891 
8577 
27042 
75588 
75828 
10087 
65623 
93739 
47971 
58551 
21775 
30626 
25617 
63849 
72271 
6592 
87115 
12603 
82099 
6539 
28494 
5989 
15225 
82902 
98444 
59442 
65419 
97627 
66913 
98721 
75314 
8156 
23650 
18709 
97 
15831 
28796 
82072 
25922 
93120 
56975 
47697 
40098 
82592 
27898 
12369 
89184 
15014 
41324 
87635 
21553 
86170 
9977 
53131 
85424 
8421 
28925 
50843 
22400 
12190 
65917 
97714 
20347 
89567 
32775 
36796 
5398 
77924 
18868 
31320 
71044 
75843 
95370 
27494 
74787 
23268 
39863 
80323 
54634 
97539 
67959 
92540 
62 
77936 
45671 
85486 
2709 
74596 
36330 
41461 
3138 
2247 
55527 
39837 
8166 
88303 
76633 
13565 
66227 
11853 
44885 
53623 
4048 
56607 
81117 
78835 
79876 
37332 
59159 
34510 
34871 
43470 
27050 
34933 
21406 
89073 
20420 
40467 
80021 
73102 
98280 
83160 
91701 
53807 
22997 
99867 
42110 
99631 
13432 
24689 
27836 
74670 
78312 
31885 
31277 
59429 
10720 
27505 
96761 
69879 
78368 
47985 
29701 
21770 
99270 
67459 
10844 
36042 
7926 
7217 
9144 
6206 
90377 
845 
76366 
29727 
713 
18476 
45710 
30497 
59518 
73546 
5167 
37830 
5431 
52797 
13612 
32504 
96654 
10373 
18735 
75022 
74710 
48437 
13145 
73981 
15896 
40341 
10023 
40175 
47558 
35520 
62733 
54288 
52717 
39099 
367 
69782 
73928 
46077 
280 
33446 
35975 
21799 
87628 
41407 
90948 
1240 
90263 
87603 
27966 
8998 
78977 
2676 
73787 
92122 
93009 
89684 
32463 
3033 
46211 
96374 
54905 
8944 
50662 
7622 
64396 
51029 
77405 
54676 
13458 
94037 
4474 
49433 
15836 
92102 
7192 
6785 
9695 
97455 
10740 
37661 
22806 
89717 
40337 
96593 
81840 
33347 
2629 
30655 
52732 
48840 
27029 
23989 
74137 
94043 
31611 
54885 
61424 
25368 
9561 
91234 
19405 
30387 
40668 
51594 
22489 
64212 
74731 
32184 
61668 
85471 
69845 
826 
75188 
26535 
13771 
73380 
76234 
16401 
4036 
45318 
81593 
47417 
69307 
72082 
57813 
17270 
26967 
19237 
42639 
52880 
10472 
78396 
83267 
67492 
46342 
5757 
31704 
21073 
54293 
9724 
6544 
40491 
10550 
81733 
83378 
24322 
71465 
59612 
57075 
75501 
21282 
38668 
39271 
90589 
27103 
97084 
24211 
54070 
32673 
83202 
23303 
59497 
61599 
6570 
26989 
7941 
28679 
58694 
29015 
99325 
84770 
51911 
39816 
95321 
49996 
39546 
35995 
21462 
15510 
9422 
13315 
36792 
64442 
68938 
43733 
91545 
66022 
67944 
45616 
98696 
51147 
68919 
58193 
29098 
91841 
1535 
53391 
20521 
76581 
98758 
19846 
61351 
50670 
76014 
73024 
17018 
15560 
25371 
38480 
31070 
34793 
68148 
84214 
99236 
37086 
27947 
90781 
3109 
12243 
52749 
18157 
63390 
38020 
92702 
8840 
29862 
94237 
62232 
66735 
70818 
60990 
86581 
48522 
28012 
78947 
21546 
45031 
94507 
46918 
99863 
41929 
81711 
68011 
26143 
80947 
5098 
70442 
88081 
24559 
82685 
40830 
59068 
62428 
95203 
51770 
71268 
25065 
62360 
49852 
8152 
49530 
10843 
11085 
98052 
55207 
90032 
19599 
238 
891 
82869 
16454 
59172 
64580 
84465 
85315 
61880 
5915 
72109 
66313 
46826 
54794 
23495 
5894 
33574 
18698 
74017 
4843 
43763 
52729 
54695 
68267 
2259 
81890 
79352 
16664 
37098 
69384 
52615 
53688 
86627 
35484 
70142 
45799 
16416 
70960 
47466 
94648 
76875 
19575 
60961 
40054 
90722 
84457 
45948 
24296 
3155 
36317 
29139 
63271 
89046 
187 
31538 
7658 
82077 
10891 
40674 
35527 
96627 
93289 
5568 
83255 
45125 
92062 
29054 
61541 
79374 
76521 
56190 
72602 
12448 
33503 
12656 
3170 
17960 
74956 
27467 
37468 
11274 
72958 
739 
16672 
73145 
48629 
40682 
71575 
75872 
81356 
23454 
72500 
90997 
45374 
55755 
36122 
37437 
1161 
14016 
16811 
77682 
86558 
89413 
90131 
20061 
18421 
9653 
54374 
93378 
37120 
91842 
21004 
10079 
8933 
37676 
83224 
57562 
94711 
71151 
33435 
92419 
94606 
5935 
83417 
39980 
78042 
35891 
93769 
79203 
66259 
26933 
73238 
52817 
32698 
79721 
89231 
51120 
89374 
59957 
44498 
26495 
51799 
65502 
52926 
60732 
19530 
52502 
34646 
14241 
23654 
68081 
6661 
18260 
90368 
6430 
74592 
84762 
58673 
68362 
80318 
24933 
95295 
69908 
94102 
44345 
49629 
99685 
95465 
55355 
59642 
56315 
98202 
27793 
21817 
51128 
88525 
57700 
3631 
39524 
71941 
27285 
23957 
94954 
61897 
14326 
17736 
36489 
15440 
76410 
21203 
95758 
17695 
32850 
65666 
28149 
77196 
31647 
27835 
89013 
3355 
3829 
45329 
1557 
31623 
67146 
69038 
36500 
24846 
72669 
92376 
13140 
16306 
16334 
24446 
94555 
30660 
42183 
31044 
62452 
18593 
68600 
58211 
52640 
17802 
40229 
80789 
94998 
88229 
24976 
84012 
91584 
45158 
29341 
93141 
76781 
12839 
62179 
29633 
54038 
51200 
22010 
83530 
67506 
38344 
7976 
62061 
85356 
50159 
9458 
47808 
85104 
94410 
22371 
37744 
12212 
78953 
18534 
23563 
67182 
59862 
7575 
58766 
5020 
53268 
68259 
98153 
82459 
30439 
27787 
52849 
97991 
66149 
36379 
65498 
20845 
44356 
43911 
6201 
94515 
69721 
70361 
79620 
64131 
9085 
17364 
92696 
88038 
52250 
16259 
55220 
12113 
40186 
30338 
17133 
9806 
98597 
15287 
92265 
45388 
59426 
45115 
43380 
25575 
81494 
25230 
62772 
42202 
69141 
68973 
36718 
55215 
55686 
16338 
35698 
64771 
50054 
28394 
52809 
18657 
61005 
24381 
30770 
1191 
54719 
64255 
10997 
53317 
95894 
19615 
98705 
55320 
81082 
42085 
97247 
78928 
67315 
60019 
21131 
52809 
45344 
57849 
24376 
1031 
90539 
60074 
65802 
56945 
4821 
34964 
75602 
65826 
59345 
22724 
83370 
14065 
86980 
10719 
83734 
82874 
46686 
82439 
38195 
27768 
40877 
51794 
6697 
24544 
11814 
44180 
93705 
57158 
2029 
18081 
74541 
8920 
94508 
56696 
82217 
15681 
91660 
57820 
81507 
67357 
80544 
81229 
97774 
83876 
91949 
81508 
66751 
38635 
80300 
21298 
82756 
37529 
89444 
5805 
62073 
1258 
49985 
72131 
74769 
52014 
90212 
49310 
77286 
1072 
6006 
59503 
16753 
14018 
33675 
14613 
81376 
30572 
95842 
95502 
14448 
4143 
77011 
97551 
59131 
73663 
35201 
58239 
11192 
24646 
64044 
89617 
42256 
14029 
78100 
17025 
82395 
84665 
82688 
59681 
85737 
5046 
35536 
2491 
35417 
85564 
33456 
16793 
32488 
45650 
28647 
63288 
49794 
5658 
77192 
25277 
95673 
12393 
83516 
23217 
37039 
47560 
29187 
95648 
77941 
7287 
12673 
60336 
91952 
11713 
36369 
77690 
16760 
88257 
96533 
52177 
73821 
29989 
85322 
22661 
75639 
13969 
85950 
41785 
35980 
63142 
83414 
31653 
75535 
66930 
71223 
28927 
30842 
410 
40927 
8783 
7697 
53600 
85471 
99650 
81666 
21840 
77340 
98426 
10098 
90225 
66955 
271 
20214 
68629 
22933 
12205 
98950 
8883 
70343 
34930 
88377 
53757 
82936 
80264 
37040 
70511 
25543 
84234 
70921 
66470 
9370 
78618 
36423 
94841 
94620 
18089 
16682 
88312 
32867 
26780 
78537 
16174 
43403 
15103 
84803 
66336 
43661 
83753 
91571 
14004 
35036 
79948 
67761 
34324 
60213 
21153 
21187 
85756 
5388 
92108 
68579 
14758 
87078 
5002 
9599 
81699 
23091 
42633 
70011 
55958 
85765 
48549 
72132 
29169 
80004 
73287 
95505 
23665 
73392 
87077 
37669 
24780 
83377 
21783 
75456 
59942 
59288 
96643 
45699 
64676 
88751 
14278 
95786 
75830 
35632 
21738 
73881 
58723 
64371 
43892 
31033 
50137 
8793 
19517 
79306 
88798 
9156 
91163 
12463 
82548 
94592 
66485 
23681 
77970 
4620 
99137 
37912 
63908 
95781 
99963 
44937 
884 
30593 
40723 
93066 
66225 
78813 
66947 
41300 
43185 
27192 
72333 
9674 
35985 
8202 
88980 
24783 
17358 
96495 
53599 
99907 
91088 
36436 
23588 
85410 
41056 
39077 
39674 
21316 
51210 
55990 
66253 
68447 
86583 
23329 
61513 
69161 
2142 
44813 
10461 
61679 
72005 
99147 
71353 
24342 
7349 
76685 
65478 
24708 
73181 
35429 
40967 
80621 
71865 
80907 
66031 
12921 
36336 
5705 
34237 
87547 
61695 
16843 
55994 
64631 
56524 
33859 
50144 
58666 
95024 
76957 
36698 
83381 
76104 
24403 
24076 
99806 
1089 
89554 
40866 
90622 
24983 
98185 
71243 
96848 
95444 
53626 
26121 
31780 
75683 
76710 
35679 
53731 
9905 
8025 
18362 
66429 
58237 
84858 
41448 
53261 
61815 
78146 
52995 
54272 
18901 
77071 
54078 
19990 
82977 
11296 
26964 
7960 
25833 
14559 
21160 
21277 
68185 
47281 
53057 
60221 
40343 
88737 
13952 
50249 
96762 
48666 
33030 
54999 
33524 
74478 
24613 
11691 
68976 
93960 
65963 
87878 
71031 
36393 
24220 
54008 
64041 
51185 
78320 
89874 
82096 
99480 
11151 
66634 
63113 
64209 
26855 
19808 
69298 
57159 
86409 
82412 
5825 
19440 
53764 
55701 
93918 
94729 
67392 
62895 
88689 
49708 
67125 
59720 
86101 
91345 
30080 
50143 
58882 
24752 
40017 
40979 
24232 
67521 
23965 
3697 
48082 
50820 
23505 
17380 
7979 
9915 
16144 
30156 
45707 
69908 
2209 
39625 
64637 
85953 
18872 
53326 
35661 
2349 
29398 
38115 
93695 
75830 
4610 
68929 
582 
60979 
26260 
41166 
28500 
50225 
44863 
76582 
1045 
84721 
10314 
25376 
10988 
26459 
71884 
56695 
12719 
74093 
12672 
77357 
76399 
47897 
47035 
12060 
50246 
92786 
66527 
60293 
68616 
71137 
29223 
85551 
32117 
55483 
26717 
60617 
5709 
87933 
53552 
23106 
89006 
63866 
64835 
16346 
90325 
36719 
73041 
3045 
27165 
2065 
96754 
3564 
66314 
43789 
31976 
16561 
36575 
98504 
76854 
21544 
69641 
22429 
7095 
1758 
77913 
50164 
78728 
99974 
38097 
32280 
23080 
43455 
96146 
87915 
59801 
2824 
40987 
49194 
5869 
68152 
51260 
18975 
71716 
33926 
62764 
20044 
50487 
15692 
18548 
43694 
53588 
88190 
82475 
77035 
6300 
76740 
43551 
1380 
76714 
81649 
33660 
16147 
41456 
46159 
20414 
1258 
48983 
77753 
50452 
71204 
45905 
18064 
6531 
33973 
51991 
85647 
54018 
18830 
17691 
72566 
62524 
71279 
77108 
61352 
64666 
99761 
38092 
8218 
1141 
31159 
6219 
51154 
63658 
47675 
97313 
84072 
48933 
62648 
61826 
15738 
50204 
24083 
33802 
56735 
74409 
85793 
42382 
44779 
4624 
60074 
33697 
83500 
47705 
10806 
61204 
12372 
10567 
99297 
36942 
28060 
30456 
43161 
79214 
94114 
90836 
76527 
94538 
56122 
55527 
72716 
71860 
5731 
96800 
22014 
78818 
87561 
24160 
37553 
32340 
45136 
97627 
66037 
28636 
61684 
93195 
89841 
90408 
3762 
5490 
27350 
48175 
52298 
86863 
27389 
46412 
94052 
20269 
57302 
66526 
75796 
30019 
38386 
97880 
43171 
76752 
76698 
30732 
912 
14251 
79424 
46048 
28230 
45461 
91037 
6267 
38657 
97230 
13027 
58771 
2720 
40378 
6946 
55018 
43593 
34336 
17782 
37645 
70957 
75084 
4171 
46753 
21455 
58909 
60985 
64626 
52014 
54036 
11710 
52926 
84639 
91134 
98975 
29222 
36596 
6364 
35489 
91605 
3594 
48516 
50376 
22666 
5246 
73675 
94036 
65192 
8011 
28170 
2837 
95320 
19606 
23361 
42073 
41062 
98622 
19411 
5688 
50636 
73447 
17399 
19915 
58086 
24885 
35242 
87308 
61481 
41606 
39149 
69438 
61552 
87666 
19815 
570 
9264 
93490 
94606 
74456 
17853 
39128 
93646 
13173 
58734 
33359 
71598 
99796 
48333 
91009 
21837 
15322 
64456 
55588 
35237 
38895 
80473 
70479 
26203 
58307 
28437 
65353 
27745 
89989 
69371 
63912 
6911 
94987 
57402 
17869 
69444 
91607 
56997 
79442 
21132 
15731 
29153 
92731 
31880 
77486 
92 
53717 
92808 
80901 
9305 
28045 
19796 
89778 
14876 
62351 
64437 
59665 
44056 
92183 
66006 
29779 
56095 
72917 
24767 
29850 
90786 
10563 
37809 
47783 
90005 
58942 
79867 
19158 
68025 
11747 
96644 
68117 
65464 
5805 
65370 
91121 
50202 
85166 
97251 
65079 
63870 
61689 
24744 
7926 
70224 
90751 
37706 
42671 
80020 
62473 
88873 
70807 
89388 
26683 
34942 
79393 
85625 
31161 
14903 
70002 
42908 
27899 
38119 
24724 
33704 
3490 
15845 
83907 
5008 
13097 
65338 
68878 
91138 
6434 
93157 
61362 
13537 
47215 
4033 
93558 
26040 
92907 
80717 
15428 
35942 
15659 
94821 
37919 
63173 
26076 
7921 
6081 
53975 
62392 
47158 
87680 
65882 
63003 
71587 
87243 
92452 
53277 
72473 
99942 
59711 
81982 
61304 
73249 
29197 
81690 
83159 
55237 
90949 
63876 
70665 
26891 
95887 
81838 
64810 
59060 
7914 
89083 
81494 
61890 
51475 
28652 
65922 
33710 
8007 
37509 
20953 
460 
7138 
9778 
402 
66849 
91761 
78059 
56450 
20958 
76101 
39609 
76196 
67050 
19837 
63213 
10293 
15725 
61404 
91455 
91137 
85670 
80538 
72631 
47560 
32013 
1283 
13482 
65723 
9291 
67343 
3028 
26103 
90833 
12807 
42857 
57683 
4568 
37268 
30485 
41878 
13369 
70095 
18074 
96771 
89932 
97640 
7064 
22009 
75396 
14871 
13147 
61066 
95409 
85778 
24979 
43775 
3414 
54813 
25850 
29057 
38509 
45231 
71512 
29342 
58038 
30721 
87025 
78958 
67990 
17511 
20836 
97711 
3958 
55263 
94483 
10242 
69255 
17899 
32252 
44651 
32771 
61751 
5717 
44532 
63881 
30696 
88307 
67295 
1862 
30510 
12704 
40371 
75741 
84216 
69713 
50131 
14938 
56739 
45441 
99280 
90602 
66277 
96991 
94560 
37892 
7826 
21154 
7147 
25726 
53406 
68150 
74849 
15157 
73868 
19381 
95391 
20916 
24041 
62686 
22778 
70903 
75391 
63149 
46644 
75959 
49215 
13127 
7249 
5954 
58568 
22881 
12908 
41197 
36225 
23820 
95442 
44051 
44974 
2589 
86129 
14733 
70740 
60978 
46242 
60960 
96712 
41633 
98228 
20753 
20672 
37359 
8008 
12415 
16860 
71004 
88374 
66075 
84131 
11976 
88381 
59051 
34857 
1289 
16600 
71082 
41461 
12042 
15134 
2788 
30984 
17615 
17521 
18076 
94946 
80115 
79036 
91658 
21749 
93616 
28763 
42421 
30975 
36771 
54836 
64188 
7775 
59562 
30263 
8258 
71538 
18645 
67309 
6396 
36286 
261 
77478 
94100 
28656 
8964 
96888 
59640 
26580 
30761 
77716 
37878 
10876 
73104 
29536 
32625 
83072 
74651 
91398 
14048 
11422 
46234 
78236 
35549 
5797 
24851 
43807 
93687 
59848 
27468 
83 
12487 
44081 
93914 
6587 
72737 
2878 
3475 
32377 
45810 
50588 
26445 
40 
61464 
15901 
29576 
10442 
15326 
20579 
1840 
29374 
48353 
64427 
23962 
83902 
86576 
65165 
44061 
80263 
25014 
71529 
80347 
37501 
31963 
90613 
44088 
4700 
93491 
63915 
53430 
55654 
14503 
96227 
55694 
92319 
28481 
1623 
2761 
43807 
22202 
4602 
89533 
86908 
69029 
29847 
70810 
55605 
95012 
14872 
52220 
20026 
2753 
48919 
73879 
51068 
39532 
34319 
55769 
49376 
14586 
25551 
5030 
45441 
21778 
77076 
37761 
50259 
78699 
40522 
94066 
17254 
61476 
83599 
4162 
46857 
13446 
91324 
18814 
24811 
22548 
71035 
61189 
41654 
19954 
35069 
92722 
59487 
69388 
48491 
8863 
327 
74042 
30245 
45768 
12173 
7321 
83529 
62432 
2373 
40404 
72851 
35979 
1880 
72802 
56493 
48738 
2601 
47817 
67552 
43764 
86718 
54939 
4953 
28372 
74894 
40022 
21094 
50733 
25763 
85938 
75948 
26090 
76332 
6193 
71858 
88505 
29866 
71740 
67290 
48591 
12144 
56493 
922 
14024 
45647 
57415 
79114 
48248 
21585 
63019 
92012 
8303 
17958 
13318 
36675 
9204 
53340 
74121 
76289 
95455 
76411 
52237 
37897 
52744 
74782 
9756 
41249 
21001 
81496 
24891 
69592 
93640 
81384 
86867 
24016 
43384 
44282 
3131 
91632 
65867 
66150 
99997 
90522 
460 
13315 
43549 
26017 
83007 
17671 
2306 
94815 
94082 
70896 
32712 
63178 
45678 
42468 
20780 
83031 
40316 
45671 
68976 
50308 
43408 
55843 
90677 
86792 
125 
93808 
94776 
82345 
76310 
11125 
89219 
93122 
40792 
32769 
19139 
40152 
66792 
21446 
34967 
77226 
8694 
67679 
40405 
54372 
26500 
77537 
53756 
66816 
39560 
22732 
33477 
82968 
78575 
24154 
86112 
95052 
34314 
97241 
93749 
26976 
24718 
82969 
20098 
81863 
32090 
39238 
22015 
98882 
77036 
56982 
92460 
85730 
24661 
49217 
56454 
67513 
26754 
26562 
34330 
66315 
49294 
67807 
65635 
44221 
8313 
68100 
39274 
42627 
81693 
49375 
69603 
6411 
48696 
89701 
88274 
80786 
45291 
26641 
96020 
38679 
83623 
88481 
40761 
24637 
54050 
13568 
92150 
80805 
40130 
42832 
63472 
89425 
26991 
29107 
33646 
35304 
13559 
89272 
94283 
95252 
55000 
63886 
18016 
3696 
69940 
6290 
84483 
15231 
32932 
80503 
70263 
32907 
85336 
11024 
73896 
55739 
40944 
66047 
36544 
81075 
25231 
16368 
86852 
52223 
61827 
36850 
3879 
75387 
26123 
98163 
86991 
97475 
62049 
5007 
1171 
31989 
27650 
85654 
63573 
76934 
82510 
50188 
9841 
84198 
61212 
83738 
39937 
18509 
66137 
92833 
99584 
91368 
9201 
86436 
59943 
87381 
23286 
80175 
62768 
65761 
78338 
49759 
63236 
56739 
71119 
80760 
5081 
98769 
66414 
85006 
75703 
65276 
35194 
1896 
65827 
12758 
1986 
22116 
31267 
68123 
14950 
30851 
75844 
40503 
33639 
52139 
27884 
56926 
32314 
7004 
39039 
10652 
73116 
18628 
83744 
44235 
99388 
88825 
59356 
82154 
73831 
35059 
63783 
9025 
53307 
29610 
21783 
55294 
51726 
69403 
23417 
83028 
254 
15613 
23532 
50246 
67753 
67768 
7172 
67 
74773 
62563 
27072 
47889 
97543 
27168 
8476 
96931 
15993 
67832 
79086 
6176 
19243 
59221 
31553 
72550 
88831 
69688 
27844 
56909 
39091 
67614 
39938 
55698 
99579 
79822 
5944 
67332 
47590 
29468 
83752 
38715 
92031 
27176 
86604 
89575 
54344 
95080 
2858 
86689 
79264 
98296 
92865 
98507 
57517 
40770 
87410 
62700 
10458 
31606 
19610 
65902 
99220 
75900 
21600 
15152 
55722 
27544 
98836 
19664 
57012 
98940 
58380 
65395 
26116 
61336 
71322 
96812 
72769 
90533 
99853 
52033 
88829 
9070 
50541 
62699 
49840 
54303 
25399 
76651 
85909 
61361 
42553 
1482 
37261 
64153 
16634 
9335 
91697 
15470 
45352 
65061 
14411 
3732 
46808 
56879 
81420 
18131 
70044 
54189 
8664 
69897 
6223 
13845 
78968 
73116 
76544 
45160 
27419 
1944 
21811 
13328 
63305 
64364 
14810 
16919 
28517 
47796 
26254 
36566 
79619 
87958 
17979 
94030 
91690 
64788 
67261 
73111 
99271 
53657 
27300 
24287 
23555 
49875 
38132 
18875 
39343 
14677 
64035 
66762 
32973 
85847 
96443 
12630 
50211 
27605 
29549 
95081 
75402 
72156 
47999 
55021 
60114 
65979 
65403 
68157 
47119 
49016 
41268 
46390 
2674 
84920 
70677 
26229 
51148 
8809 
45104 
90491 
39838 
25491 
73606 
72811 
11338 
70049 
85442 
61550 
14006 
31343 
72983 
89408 
3499 
20982 
60781 
79966 
86961 
42536 
48123 
50432 
91553 
5743 
96822 
10579 
7015 
83851 
53160 
58163 
9013 
14616 
65007 
48851 
40107 
38613 
38015 
51446 
25014 
39809 
29348 
39020 
87504 
2331 
28429 
91004 
23313 
5562 
87322 
26627 
48099 
35445 
77059 
56004 
57540 
73882 
66583 
64555 
74085 
19743 
22719 
83098 
50711 
4078 
48302 
90818 
42691 
2669 
42264 
67705 
42478 
71612 
6725 
29982 
90295 
51506 
37338 
13609 
73421 
41012 
40236 
21520 
76457 
17295 
93876 
33997 
7529 
60459 
98553 
97967 
96554 
37624 
81065 
47265 
58054 
29367 
54435 
745 
48388 
96700 
84802 
90866 
84664 
7879 
37201 
74960 
59386 
90891 
4921 
49159 
31904 
61509 
70679 
24713 
95156 
80907 
75063 
2686 
57718 
89968 
17005 
70624 
43944 
98070 
34241 
1998 
43790 
88676 
2743 
92178 
1728 
3897 
99397 
2745 
11776 
52950 
94057 
87514 
60193 
98978 
36673 
92097 
60487 
23704 
33163 
71995 
4611 
8226 
91033 
78681 
98194 
8038 
49305 
42138 
6109 
83546 
44136 
66251 
72223 
63231 
58429 
90303 
67128 
74178 
93048 
95256 
27128 
87105 
82771 
87322 
2435 
19444 
95771 
79274 
59501 
28934 
51270 
80464 
53512 
42303 
59146 
51706 
50342 
8451 
10196 
56451 
91998 
54332 
22702 
80573 
33915 
97483 
70876 
17395 
88014 
63925 
12652 
15142 
67382 
95423 
18816 
69818 
31219 
30940 
49092 
90720 
59874 
362 
87537 
13387 
42666 
46683 
81445 
93008 
55134 
91642 
65811 
63484 
62326 
4865 
44057 
96242 
2348 
31286 
13637 
6714 
95211 
26289 
21857 
62593 
38064 
57025 
32411 
85636 
87965 
97856 
76356 
64192 
98218 
63893 
93931 
40884 
26928 
75376 
50244 
82063 
83370 
16055 
61899 
45697 
20920 
5957 
58291 
39621 
53595 
88280 
46335 
48806 
30922 
84544 
27751 
68986 
41570 
76515 
54622 
45887 
74371 
47331 
26431 
72589 
27576 
20362 
29826 
54505 
12091 
80070 
52920 
95461 
96126 
14819 
57510 
17046 
37128 
32153 
73019 
7075 
20434 
19355 
55881 
51356 
20251 
99985 
36694 
78173 
76500 
7669 
24061 
67223 
71352 
66844 
39812 
15280 
87207 
85990 
86137 
15650 
66061 
39057 
27463 
62187 
70229 
84974 
95585 
23709 
17127 
84957 
30785 
53913 
20664 
3018 
21621 
40915 
3003 
58316 
19089 
95855 
82337 
59502 
63078 
70041 
26346 
19243 
85321 
29905 
5233 
71459 
45555 
87646 
26868 
73019 
49833 
13449 
74345 
61771 
37159 
7824 
46728 
84296 
61738 
67392 
3666 
83359 
24659 
23022 
58027 
43748 
35229 
56716 
19602 
14660 
26757 
62301 
33903 
12079 
92206 
55488 
99890 
54114 
43135 
26758 
27133 
9320 
40208 
17830 
87443 
93719 
25654 
50523 
94367 
3744 
34267 
14385 
87104 
58927 
37407 
61483 
19027 
72637 
18200 
38630 
87297 
44957 
931 
37552 
73388 
9489 
9392 
73278 
63603 
52527 
16389 
7088 
78200 
72949 
24918 
81995 
83020 
66925 
32519 
77387 
70669 
66786 
8124 
74125 
42065 
45532 
35609 
61093 
34521 
70161 
16075 
38170 
15118 
33358 
75722 
4859 
42847 
85114 
94489 
6451 
53994 
27230 
29891 
48546 
179 
54810 
30541 
83199 
38087 
79412 
76938 
8756 
62551 
85063 
82882 
4616 
46947 
34843 
82061 
81468 
5004 
98136 
19638 
36474 
31494 
11712 
57685 
90694 
13178 
52175 
97145 
83524 
79405 
27036 
48422 
95937 
98198 
95316 
79136 
52637 
74728 
72427 
61394 
37279 
73842 
60628 
58248 
20789 
11823 
40309 
18609 
33179 
54798 
54599 
69653 
86292 
82663 
27339 
93338 
12193 
95866 
90483 
95718 
91623 
33872 
44140 
87560 
48422 
55808 
83049 
17412 
30537 
55476 
78806 
84168 
45670 
55786 
42416 
66459 
83961 
99078 
1420 
17140 
53876 
72371 
3145 
56520 
55034 
30484 
49859 
67227 
42702 
56694 
79297 
34326 
6918 
39790 
21886 
71693 
95598 
4935 
89105 
26135 
76763 
84263 
26656 
22433 
56401 
85424 
5244 
40362 
84502 
6664 
73854 
54730 
79035 
76999 
27603 
50421 
23836 
77462 
34001 
66538 
50508 
13298 
864 
73779 
69440 
22751 
45472 
65039 
44038 
34577 
7526 
20802 
18840 
34182 
43235 
91593 
19607 
48480 
31955 
20461 
71496 
22161 
75192 
66884 
99160 
2795 
33657 
22996 
96609 
67658 
89535 
63469 
97309 
90399 
37248 
66749 
29502 
82720 
31788 
73541 
33649 
39315 
10695 
68841 
89849 
53930 
60434 
25808 
18762 
8741 
62622 
6611 
30902 
54166 
89847 
30063 
56961 
23504 
53059 
69922 
91163 
58946 
49743 
4824 
65698 
86992 
71573 
11552 
86064 
3362 
1445 
19714 
59029 
12140 
88555 
65230 
82423 
65342 
7391 
17537 
74083 
70013 
24148 
4986 
24179 
13995 
35049 
97492 
53852 
4460 
67414 
45015 
63407 
33509 
49839 
45457 
20501 
37764 
57009 
22918 
41126 
58455 
42632 
16507 
70595 
47539 
98090 
53018 
12881 
5481 
70556 
86965 
75494 
11056 
91951 
99673 
41404 
43352 
97165 
95256 
47812 
80931 
56623 
27571 
14440 
22814 
73028 
51294 
60578 
46390 
74212 
18057 
4845 
33196 
50916 
75440 
80735 
49006 
44811 
93617 
54487 
31719 
96934 
29981 
59127 
5237 
46006 
531 
48589 
43171 
12139 
12753 
40454 
68762 
56677 
71247 
91576 
46057 
22541 
68507 
92447 
13105 
86564 
13644 
46301 
37480 
5437 
43388 
86487 
50248 
53357 
57326 
98319 
50291 
87308 
57446 
55528 
33314 
74330 
20469 
92838 
86469 
49575 
33292 
71584 
22604 
4539 
79512 
68661 
43432 
48019 
77461 
72889 
50935 
91105 
19190 
4768 
96542 
62579 
7607 
63142 
15936 
64933 
77813 
82580 
52241 
51612 
54460 
1908 
42294 
91282 
94746 
28763 
57209 
28038 
16699 
79813 
48930 
96212 
64826 
8714 
60583 
58639 
81604 
11519 
49745 
17146 
16287 
62639 
96077 
23894 
42134 
28366 
88827 
19947 
27298 
57421 
87911 
81758 
59329 
30205 
73040 
54075 
75321 
30249 
98465 
92020 
26414 
63747 
88232 
91241 
88814 
65168 
49880 
86770 
76687 
15977 
20268 
9326 
94969 
16346 
49572 
37103 
61064 
54751 
73402 
88362 
28524 
61314 
70120 
87853 
91519 
59513 
58280 
66840 
6114 
73098 
75213 
32529 
53197 
79797 
23770 
58363 
44965 
90002 
45133 
38004 
5980 
65402 
47330 
17301 
98100 
13254 
54404 
59164 
84358 
44158 
47526 
12882 
5472 
33998 
17088 
13344 
93511 
91720 
96536 
99626 
81170 
71749 
48507 
34368 
51547 
88629 
92731 
96512 
78631 
54217 
50869 
963 
35971 
14551 
18264 
34071 
27806 
89020 
93235 
28516 
33179 
57113 
41398 
55003 
91111 
74838 
68347 
975 
66559 
64884 
601 
47729 
52985 
65460 
98449 
4532 
54089 
7533 
17397 
32720 
61750 
68266 
50036 
97721 
82817 
68300 
48144 
26975 
73673 
57731 
55491 
6852 
14844 
13242 
61855 
5955 
88080 
46555 
6930 
70991 
11439 
23883 
35073 
64424 
89343 
33522 
85309 
43432 
57407 
19058 
92505 
35509 
3676 
42541 
33230 
2845 
27193 
97726 
46173 
17218 
55457 
1664 
24070 
70301 
31258 
2278 
92609 
35691 
48833 
15891 
6682 
76624 
39775 
41755 
57400 
45470 
91630 
42709 
5255 
49037 
78119 
97760 
84547 
81795 
56653 
34129 
993 
198 
48208 
47166 
17417 
3665 
48830 
57839 
90319 
96441 
60117 
82928 
32132 
8950 
98819 
55166 
1926 
54946 
13274 
59327 
16769 
4904 
2036 
22024 
70293 
96508 
36136 
71192 
94655 
9141 
21674 
95648 
25691 
86234 
42814 
59460 
89899 
7997 
17300 
80218 
4438 
93769 
79498 
52922 
19072 
78318 
8088 
20998 
49616 
21362 
80325 
66385 
42618 
98714 
88409 
29264 
95222 
24545 
16808 
89877 
50038 
54834 
85526 
75730 
41068 
44692 
35190 
30968 
52689 
52490 
27538 
