1000
85733
81527
89420
84024
65507
19799
6272
9944
26626
74805
78571
95410
39614
89285
62294
421
96152
11145
58194
87489
9139
87348
97325
38884
70413
23076
40304
54524
97792
50171
54317
83526
48050
60089
83902
29910
79888
6527
56206
6514
81332
34778
18277
37299
40415
80571
37720
36567
8068
95914
40409
17208
99615
37734
72444
86380
77162
12748
57256
91306
79272
11573
91184
43674
71663
75087
89936
51551
81614
46143
74418
79298
80921
92695
16597
21336
89618
54317
74255
97687
66584
31016
31247
82551
68750
3691
85283
62264
32791
42540
53571
12063
54113
61107
72090
42128
36194
62026
10032
34160
24521
84450
13459
5442
77145
46408
43130
83115
17078
17386
80802
14
48402
12049
82565
33505
15740
84200
12121
64884
26740
82044
93299
97206
43152
65389
39334
79346
43768
49366
29859
68289
50168
43318
73732
43665
6078
33214
26781
23156
66952
7583
23170
15355
35985
22087
65212
68077
6288
77333
32961
33028
59378
26261
30234
18882
8002
85921
14580
51770
51639
44439
20060
1808
4109
10144
61825
10188
43358
4958
33344
10311
28894
72867
42018
64879
94954
23582
32956
17594
17267
82270
50623
76645
8531
97209
11879
16533
83130
26460
84656
51122
70899
21068
69282
75009
31212
31107
85197
90922
36066
34893
17585
64960
7760
59603
46191
19067
99537
95499
36661
16805
77769
3636
9802
2652
846
21682
35538
328
48142
20194
51450
19041
41262
37084
10402
88826
68192
95599
79748
20610
46845
97334
1922
70957
73289
48113
90024
72827
43612
43038
89632
37734
46674
99434
40386
63872
21116
75924
64201
85610
12470
32003
4652
70084
69088
31406
58910
53632
27006
55011
74242
90203
52345
92516
61160
41986
40629
67537
14813
593
10575
20797
38327
57249
20232
95066
21122
57700
87342
1675
59663
99813
50030
64315
69897
35470
12073
45160
89102
55431
171
79696
45634
68868
72212
6795
10854
29193
74332
42020
29787
84907
62817
84466
58508
99401
79532
95982
73454
66875
97657
33117
83040
64040
13784
69289
99510
25857
14449
4965
81289
30972
84661
43275
16192
73226
66422
43399
2419
40754
85419
48558
42013
64588
49377
16874
80342
28909
12856
53796
12136
26866
3265
95176
90906
17049
64466
6768
59258
95267
11733
56899
26240
12747
175
58784
85973
66597
2183
4744
23704
3954
53303
82069
68543
19032
98943
48885
47941
28152
19033
76430
55018
38650
87958
62276
55699
52424
69044
31309
64044
97130
88209
6636
9877
88384
65420
95850
54981
67604
594
78685
71558
70249
60755
56453
5633
76050
21690
53575
4202
57075
46357
59220
95725
34315
37848
67776
3092
6893
99086
67136
4023
87295
73772
30252
92031
55544
26102
63364
23148
43048
58402
11059
29650
19157
67512
35283
11559
89203
5210
15762
62630
51567
91334
58356
2235
29183
26132
5327
52428
25218
72463
72803
28865
62587
3055
20896
18131
29157
84261
57632
88557
42663
68691
34559
78172
52555
69843
89731
58110
91405
21845
20741
42973
13180
79097
61560
58715
5229
66887
11143
46800
55702
83946
75665
18289
87001
96562
36420
32510
97175
10404
37419
56190
79095
71979
34362
48003
58174
40445
6113
49579
78643
26854
8904
91823
22303
70464
50538
43885
37351
78033
90685
93053
78331
66350
27694
81684
79264
80467
30546
92791
90871
67965
48981
86319
56296
99695
34322
14470
56493
40435
64050
35136
83642
89306
43311
22297
59771
10201
66182
13474
88234
56867
6528
66565
39570
50574
64601
35186
31041
95147
27978
21913
63112
93311
8232
19409
9359
42554
50231
65852
99341
14281
988
99335
3588
44299
37985
79711
54500
4167
93185
59086
77387
16065
42003
33309
66640
6604
84847
97681
1751
12825
35946
81215
22489
44178
16976
31848
3084
67208
97700
18778
97841
15040
34465
17781
75691
72450
97492
46543
92970
7030
21981
86709
23095
63984
20018
6087
86940
4865
3769
88691
34043
39715
86258
72884
246
3235
4732
19682
86795
18784
54812
84636
50176
5630
2418
42219
78080
16262
88762
87402
23292
10743
74111
62740
91079
10481
68827
78019
31699
72596
83062
82094
28664
85672
54978
45262
88907
76062
81296
92054
11198
36109
76691
61374
41739
95461
3593
36171
28075
8707
39926
51368
35802
14037
30460
43233
40871
99287
37604
88922
88236
20666
71016
16900
6338
42346
78514
11598
34760
59810
3652
45958
12271
96695
23684
70362
92156
43629
22886
36584
68688
62812
4304
4490
93201
34764
64075
34072
34051
1679
39346
22287
38697
26714
55539
45035
69060
34053
72985
20172
10216
92990
66130
38839
89685
89814
25554
98194
49795
48440
34778
18483
11252
39082
39325
4453
73846
3400
54878
7897
5079
94224
46537
43776
20939
2076
5164
6351
52482
94501
26524
79050
87491
9006
34241
77177
15173
59795
75371
64968
8235
26501
83452
19487
65583
39129
40293
55781
42530
95171
80030
63961
5747
26567
24090
43038
44996
29254
49390
97478
23755
92266
92880
11247
1272
27121
4776
16445
86917
96499
97766
95152
23000
81218
30992
4935
36699
87637
60716
79229
99160
40746
43191
4907
67314
83633
64298
28662
12887
30040
26140
52994
22306
19020
80593
39930
62493
1721
72728
49410
98220
70494
60915
21220
68064
8259
26155
4763
95896
3223
345
11408
43970
59888
16315
27636
43521
96965
56298
72760
27005
98790
25754
65663
34162
22700
5594
96655
24421
94674
62418
38994
65168
39685
60214
33232
47944
2722
54347
60192
5945
54692
71600
49915
14580
4267
93903
58101
17585
50201
30861
44590
65343
72968
10254
99505
12020
32200
12513
52793
43226
74931
91787
8394
14616
52002
57978
78912
71076
12325
55456
77021
83370
27056
43289
97950
47675
37192
72404
65260
3746
3265
26203
85441
92585
52809
84947
20957
1361
97460
73751
44587
88743
65538
52981
19711
33892
27311
98623
4968
39636
54079
98342
23006
97487
41631
37309
61514
95175
9713
43127
15273
29330
69330
715
38268
22139
2014
59225
23500
15826
32976
68087
4569
14867
37420
24280
65111
64731
39255
86432
4367
9686
84774
43726
23525
42757
97387
85039
54284
7100
28166
85910
52782
97496
86625
91050
35987
4991
50276
59487
20817
99604
27574
25386
30823
81346
66018
95935
46077
5273
82367
50445
14959
67141
10523
38484
26250
7910
39875
80534
31362
68042
66444
84144
81890
69421
75195
17878
74412
41823
93717
95229
57779
37644
36967
88603
18990
2985
84538
65068
8258
66905